Oringal ==> 0.5655	0.79086
False_0.005_0.005_100_100	7.374961962878555	45.710597000000064	0.5655	0.79106	0.03981917333941907	
False_0.0055_0.0055_100_100	7.273976297402829	45.46927499999998	0.56548	0.791	0.039821010524891315	
False_0.006_0.006_100_100	7.183113718980402	45.24473360000003	0.56544	0.79124	0.03982105802565813	
False_0.0065_0.0065_100_100	7.096017835205496	45.03511579999994	0.5654	0.7914	0.03982042048763484	
False_0.007_0.007_100_100	6.968907968582809	44.811939199999955	0.56518	0.79142	0.039822540756762025	
False_0.0075_0.0075_100_100	6.883355205337703	44.627368199999985	0.56544	0.79138	0.039822600220628085	
False_0.008_0.008_100_100	6.82608883854717	44.46952099999997	0.56548	0.7912	0.039823403196521105	
False_0.0085_0.0085_100_100	6.768286673704088	44.308374599999894	0.5654	0.79116	0.039820662804692986	
False_0.009_0.009_100_100	6.668578934923112	44.14535739999998	0.56524	0.79102	0.0398230182229355	
False_0.0095_0.0095_100_100	6.613988142689168	44.01934720000003	0.56514	0.79112	0.03982441281795502	
False_0.01_0.01_100_100	6.544743227166236	43.87364980000005	0.56518	0.79094	0.03982461788639426	
False_0.011_0.011_100_100	6.409420094452352	43.595645999999995	0.56524	0.79112	0.03982259804394096	
False_0.021_0.021_100_100	5.420725571729891	41.871385227704586	0.5655313106262125	0.7907558151163023	0.03982414266552003	
False_0.031_0.031_100_100	4.7981130469590205	40.88162903258065	0.5652113042260846	0.7913358267165344	0.0398295140085932	
False_0.041_0.041_100_100	4.389371757534838	40.17827976559528	0.5646712934258685	0.7910758215164303	0.03983914359339901	
False_0.051_0.051_100_100	4.058709311466276	39.63962279245586	0.5645312906258125	0.7909558191163824	0.03983773305874613	
False_0.061_0.061_100_100	3.840623133014592	39.21584271685433	0.5645112902258045	0.7911758235164703	0.03984359731090909	
False_0.071_0.071_100_100	3.6831267869095914	38.86722954459084	0.5644912898257965	0.7911758235164703	0.039852487397799445	
False_0.081_0.081_100_100	3.5337072932667017	38.56954759095186	0.5642712854257085	0.7911758235164703	0.03986336441598123	
False_0.091_0.091_100_100	3.408253576849033	38.30290405808121	0.5645712914258285	0.7906158123162463	0.039862169535842276	
False_0.2_0.2_100_100	2.6399680591942216	36.61395827916556	0.5638912778255565	0.7903558071161423	0.03993567234992369	
False_0.3_0.3_100_100	2.308862719626798	35.78768175363504	0.5631512630252605	0.7897157943158863	0.04003153253783965	
False_0.4_0.4_100_100	2.110515980933289	35.22909238184765	0.5620312406248125	0.7887957759155183	0.04011779941587001	
False_0.5_0.5_100_100	1.953177146900749	34.78817636352726	0.5602512050241005	0.7883357667153343	0.040218566811183215	
False_0.6_0.6_100_100	1.8285151629642824	34.43192083841676	0.5598311966239324	0.7876557531150623	0.040321850518310866	
False_0.7_0.7_100_100	1.7424305746970972	34.14487789755794	0.5582911658233165	0.7868157363147263	0.04042667774663683	
False_0.8_0.8_100_100	1.656343618339038	33.87690393807881	0.5578711574231484	0.7858757175143503	0.04052406514282566	
False_0.9_0.9_100_100	1.5885141371213467	33.6480935618713	0.5566111322226445	0.7854157083141663	0.04060666416759882	
False_1.0_1.0_100_100	1.5307205504602917	33.447253345066855	0.5546510930218604	0.7846756935138702	0.04070491891775065	


False_0.005_0.005_100_100	7.374961962878555	45.710597000000064	0.5655	0.79106	0.03981917333941907	
False_0.005_0.006_100_100	7.234042514404505	45.46251839999997	0.56564	0.79114	0.03982174765586853	
False_0.005_0.007_100_100	7.0640505867211525	45.21975739999998	0.5653	0.7912	0.039820699596740304	
False_0.005_0.008_100_100	6.971605784227103	45.02349860000005	0.56542	0.79126	0.039820705690048634	
False_0.005_0.009_100_100	6.871691313616484	44.847563800000046	0.56526	0.79116	0.039820833777226505	
False_0.005_0.01_100_100	6.797349215597361	44.70008799999997	0.56562	0.79138	0.0398205010401085	
False_0.006_0.005_100_100	7.324033166147918	45.48167439999997	0.5659	0.79118	0.039819483991861346	
False_0.006_0.006_100_100	7.183113718980402	45.24473360000003	0.56544	0.79124	0.03982105802565813	
False_0.006_0.007_100_100	7.013121791988462	45.01264620000001	0.56534	0.79146	0.03982160901430994	
False_0.006_0.008_100_100	6.920678340797275	44.82448659999999	0.56554	0.79122	0.03982256993159652	
False_0.006_0.009_100_100	6.8207625171516835	44.65549399999998	0.56562	0.79102	0.039821697762794796	
False_0.006_0.01_100_100	6.746420420685857	44.51358559999998	0.5656	0.79108	0.039821593081504104	
False_0.007_0.005_100_100	7.279819341325462	45.26062719999999	0.56542	0.79126	0.03982092210516334	
False_0.007_0.006_100_100	7.138899893369377	45.034208399999955	0.56538	0.79124	0.039822696512378755	
False_0.007_0.007_100_100	6.968907968582809	44.811939199999955	0.56518	0.79142	0.039822540756762025	
False_0.007_0.008_100_100	6.876434313541353	44.631387600000004	0.56546	0.7912	0.039822422560453416	
False_0.007_0.009_100_100	6.776548694191873	44.4689668	0.5653	0.79118	0.03982257404465228	
False_0.007_0.01_100_100	6.702238887198866	44.33227	0.5653	0.79092	0.0398224420806393	
False_0.008_0.005_100_100	7.229473868577182	45.07638499999996	0.56568	0.79096	0.039819935087822375	
False_0.008_0.006_100_100	7.0885794667842985	44.85824139999999	0.56508	0.79126	0.039822212540060284	
False_0.008_0.007_100_100	6.918562494776547	44.64392620000003	0.56528	0.7913	0.03982174300592393	
False_0.008_0.008_100_100	6.8261211312755945	44.46952099999997	0.56548	0.7912	0.039823403196521105	
False_0.008_0.009_100_100	6.726203217463195	44.312383599999976	0.56526	0.79118	0.03982200191751122	
False_0.008_0.01_100_100	6.651861119401157	44.179959999999994	0.56534	0.79114	0.039823001385033134	
False_0.009_0.005_100_100	7.1719122960844635	44.88097699999997	0.56514	0.79118	0.03982070480320603	
False_0.009_0.006_100_100	7.0309000818350915	44.67134340000002	0.56522	0.79106	0.039821966629475354	
False_0.009_0.007_100_100	6.860908151036799	44.465220400000106	0.56516	0.79124	0.03982181014683098	
False_0.009_0.008_100_100	6.768466900996864	44.2970934	0.56542	0.79126	0.03982331090655178	
False_0.009_0.009_100_100	6.668548879934251	44.14535739999998	0.56524	0.79102	0.0398230182229355	
False_0.009_0.01_100_100	6.594206779912412	44.01737680000001	0.56508	0.7909	0.03982417138148099	
False_0.01_0.005_100_100	7.122323573771417	44.70922160000002	0.56548	0.79104	0.03982307529788464	
False_0.01_0.006_100_100	6.981404127446115	44.50685979999998	0.56542	0.79116	0.03982346547935158	
False_0.01_0.007_100_100	6.811412198855579	44.30763580000008	0.56546	0.79118	0.03982305620763451	
False_0.01_0.008_100_100	6.718938545464575	44.14494359999999	0.56554	0.79114	0.03982525325950235	
False_0.01_0.009_100_100	6.61905292555958	43.997849600000045	0.56526	0.79088	0.03982587786078453	
False_0.01_0.01_100_100	6.544710824822485	43.87364980000005	0.56518	0.79094	0.03982461788639426



False_0.005_0.005_100_100	7.374961962878555	45.710597000000064	0.5655	0.79106	0.03981917333941907	
False_0.005_0.006_100_100	7.2340715506021676	45.46251839999997	0.56564	0.79114	0.03982174765586853	
False_0.005_0.007_100_100	7.064110693151206	45.21975739999998	0.5653	0.7912	0.039820699596740304	
False_0.005_0.008_100_100	6.9715769321648775	45.02349860000005	0.56542	0.79126	0.039820705690048634	
False_0.005_0.009_100_100	6.8717235401789845	44.847563800000046	0.56526	0.79116	0.039820833777226505	
False_0.005_0.01_100_100	6.797349215597361	44.70008799999997	0.56562	0.79138	0.0398205010401085	
False_0.0055_0.005_100_100	7.338451829188317	45.591150000000034	0.56564	0.7909	0.039820638541691	
False_0.0055_0.006_100_100	7.1975040391694005	45.34888139999997	0.56532	0.79102	0.03981999672461301	
False_0.0055_0.007_100_100	7.0275396102152765	45.11178459999997	0.56558	0.79124	0.03982073861178011	
False_0.0055_0.008_100_100	6.9350384573851525	44.91976459999997	0.56568	0.79132	0.0398217852440849	
False_0.0055_0.009_100_100	6.835152838079781	44.7474662	0.56544	0.79114	0.039822254137434066	
False_0.0055_0.01_100_100	6.760810738375038	44.60294859999998	0.5654	0.79108	0.03982241470042616	
False_0.006_0.005_100_100	7.324065458876341	45.48167439999997	0.5659	0.79118	0.039819483991861346	
False_0.006_0.006_100_100	7.183142060826868	45.24473360000003	0.56544	0.79124	0.03982105802565813	
False_0.006_0.007_100_100	7.013121791988462	45.01264620000001	0.56534	0.79146	0.03982160901430994	
False_0.006_0.008_100_100	6.920648137531131	44.82448659999999	0.56554	0.79122	0.03982256993159652	
False_0.006_0.009_100_100	6.8207625171516835	44.65549399999998	0.56562	0.79102	0.039821697762794796	
False_0.006_0.01_100_100	6.746420420685857	44.51358559999998	0.5656	0.79108	0.039821593081504104	
False_0.0065_0.005_100_100	7.302855474196375	45.36374080000003	0.56564	0.79128	0.039819051439613104	
False_0.0065_0.006_100_100	7.1619075452885035	45.132462600000004	0.56522	0.7913	0.03982055470038205	
False_0.0065_0.007_100_100	6.991943960398138	44.905663199999935	0.56522	0.79124	0.039820970324240625	
False_0.0065_0.008_100_100	6.899471120870412	44.721560000000025	0.56556	0.79136	0.0398214978556335	
False_0.0065_0.009_100_100	6.799589441337884	44.556068800000034	0.56544	0.79112	0.03982293262917548	
False_0.0065_0.01_100_100	6.725214246127903	44.41697579999998	0.56536	0.7913	0.03982182072747499	
False_0.007_0.005_100_100	7.279880921754539	45.26062719999999	0.56542	0.79126	0.03982092210516334	
False_0.007_0.006_100_100	7.138899893369377	45.034208399999955	0.56538	0.79124	0.039822696512378755	
False_0.007_0.007_100_100	6.968907968582809	44.811939199999955	0.56518	0.79142	0.039822540756762025	
False_0.007_0.008_100_100	6.876434313541353	44.631387600000004	0.56546	0.7912	0.039822422560453416	
False_0.007_0.009_100_100	6.776548694191873	44.4689668	0.5653	0.79118	0.03982257404465228	
False_0.007_0.01_100_100	6.702238996833265	44.33227	0.5653	0.79092	0.0398224420806393	
False_0.0075_0.005_100_100	7.242381164082587	45.15283820000006	0.56566	0.79112	0.03981966368701309	
False_0.0075_0.006_100_100	7.101461717265546	44.93127279999997	0.56512	0.79122	0.039821701251119376	
False_0.0075_0.007_100_100	6.931469789173305	44.71371000000002	0.56528	0.79146	0.03982068032901734	
False_0.0075_0.008_100_100	6.838996134743392	44.53678080000003	0.56548	0.7912	0.039822513469941916	
False_0.0075_0.009_100_100	6.739110515666902	44.377440000000064	0.56534	0.7912	0.03982188230771572	
False_0.0075_0.01_100_100	6.664768415732086	44.24323479999999	0.5653	0.79094	0.03982269088681787	
False_0.008_0.005_100_100	7.229473868577182	45.07638499999996	0.56568	0.79096	0.039819935087822375	
False_0.008_0.006_100_100	7.088554421351254	44.85824139999999	0.56508	0.79126	0.039822212540060284	
False_0.008_0.007_100_100	6.918562494776547	44.64392620000003	0.56528	0.7913	0.03982174300592393	
False_0.008_0.008_100_100	6.8261179959186915	44.46952099999997	0.56548	0.7912	0.039823403196521105	
False_0.008_0.009_100_100	6.726203217463195	44.312383599999976	0.56526	0.79118	0.03982200191751122	
False_0.008_0.01_100_100	6.651861119401157	44.179959999999994	0.56534	0.79114	0.039823001385033134	
False_0.0085_0.005_100_100	7.206569798497855	44.97875799999999	0.56546	0.79118	0.03981978685732931	
False_0.0085_0.006_100_100	7.06565035171777	44.764926600000074	0.56506	0.79112	0.03982055637706071	
False_0.0085_0.007_100_100	6.89565842250377	44.554710400000076	0.56512	0.79128	0.039821459852457046	
False_0.0085_0.008_100_100	6.80318476803869	44.383475999999966	0.56522	0.79088	0.03982242851451039	
False_0.0085_0.009_100_100	6.703329204187095	44.22906499999994	0.56522	0.79114	0.0398214338138327	
False_0.0085_0.01_100_100	6.628957049863041	44.09887459999998	0.5651	0.79108	0.03982174730721861	
False_0.009_0.005_100_100	7.171819527033866	44.88097699999997	0.56514	0.79118	0.03982070480320603	
False_0.009_0.006_100_100	7.0309000818350915	44.67134340000002	0.56522	0.79106	0.039821966629475354	
False_0.009_0.007_100_100	6.8609364928832655	44.465220400000106	0.56516	0.79124	0.03982181014683098	
False_0.009_0.008_100_100	6.7684344986531135	44.2970934	0.56542	0.79126	0.03982331090655178	
False_0.009_0.009_100_100	6.668548879934251	44.14535739999998	0.56524	0.79102	0.0398230182229355	
False_0.009_0.01_100_100	6.594206779912412	44.01737680000001	0.56508	0.7909	0.03982417138148099	
False_0.0095_0.005_100_100	7.1495559479501845	44.804563400000035	0.56532	0.79082	0.039821656118296085	
False_0.0095_0.006_100_100	7.008665355031789	44.59817879999997	0.56512	0.7908	0.039823856990151105	
False_0.0095_0.007_100_100	6.838644572817385	44.39513660000001	0.56504	0.79116	0.03982279383663088	
False_0.0095_0.008_100_100	6.746170918612182	44.22947379999997	0.5655	0.79124	0.03982386917930096	
False_0.0095_0.009_100_100	6.646285301720798	44.079819199999996	0.56524	0.791	0.03982398667406291	
False_0.0095_0.01_100_100	6.571943200694024	43.95354019999994	0.56502	0.79084	0.03982437840018421	
False_0.01_0.005_100_100	7.122323573771417	44.70922160000002	0.56548	0.79104	0.03982307529788464	
False_0.01_0.006_100_100	6.981404127446115	44.50685979999998	0.56542	0.79116	0.03982346547935158	
False_0.01_0.007_100_100	6.811412198855579	44.30763580000008	0.56546	0.79118	0.03982305620763451	
False_0.01_0.008_100_100	6.718938545464575	44.14494359999999	0.56554	0.79114	0.03982525325950235	
False_0.01_0.009_100_100	6.61905292555958	43.997849600000045	0.56526	0.79088	0.03982587786078453	
False_0.01_0.01_100_100	6.544743051384986	43.87364980000005	0.56518	0.79094	0.03982461788639426	
False_0.0105_0.005_100_100	7.075483483010977	44.60590880000003	0.56544	0.79092	0.03982261714641005	
False_0.0105_0.006_100_100	6.934564037011713	44.4078106	0.5653	0.79116	0.03982314037848264	
False_0.0105_0.007_100_100	6.764572109793275	44.212633199999985	0.56534	0.79116	0.0398230250216648	
False_0.0105_0.008_100_100	6.6720984553436935	44.05310300000003	0.56568	0.79112	0.03982379280064255	
False_0.0105_0.009_100_100	6.572212837408036	43.9087792	0.56522	0.79114	0.039823592994771895	
False_0.0105_0.01_100_100	6.497870736055821	43.78680360000001	0.56512	0.79094	0.03982426535651088	
False_0.011_0.005_100_100	7.060332736018747	44.53500179999993	0.56528	0.79102	0.03982039545904845	
False_0.011_0.006_100_100	6.919413288063258	44.33979199999998	0.56544	0.7911	0.03982325985882431	
False_0.011_0.007_100_100	6.749421359293908	44.147337999999934	0.56546	0.79112	0.03982280735645443	
False_0.011_0.008_100_100	6.656947704450339	43.98996119999998	0.56556	0.79114	0.03982356494102627	
False_0.011_0.009_100_100	6.557062087561339	43.84748299999999	0.56522	0.79108	0.03982344738464803	
False_0.011_0.01_100_100	6.482719987862557	43.72701920000004	0.56546	0.79088	0.039822881530337036	
False_0.0115_0.005_100_100	7.046450114295333	44.46481080000006	0.56546	0.79092	0.03982142386570573	
False_0.0115_0.006_100_100	6.905530666288584	44.2723118	0.56572	0.79108	0.039824203611202535	
False_0.0115_0.007_100_100	6.735538738891333	44.08253179999999	0.56548	0.79108	0.03982289601352066	
False_0.0115_0.008_100_100	6.643065081660598	43.9272408	0.56544	0.79116	0.03982257289126515	
False_0.0115_0.009_100_100	6.543179465845674	43.7866126	0.56534	0.79096	0.0398231616043672	
False_0.0115_0.01_100_100	6.468837367383093	43.6676286	0.5653	0.79094	0.039823058299459514	
False_0.012_0.005_100_100	7.012992785048336	44.39499919999999	0.56546	0.7911	0.03982144388679415	
False_0.012_0.006_100_100	6.872073341395706	44.20520319999993	0.56536	0.7911	0.03982405001986772	
False_0.012_0.007_100_100	6.702081411771625	44.018069799999985	0.56542	0.7912	0.03982241499144584	
False_0.012_0.008_100_100	6.609607759541124	43.864813999999974	0.56526	0.79132	0.039822822606898844	
False_0.012_0.009_100_100	6.509722137169689	43.72595959999998	0.5655	0.79098	0.03982399377655238	
False_0.012_0.01_100_100	6.435380039706081	43.608405599999976	0.5654	0.791	0.0398224466496706	
False_0.0125_0.005_100_100	7.002474301033467	44.33937900000003	0.56546	0.79122	0.039822046934254465	
False_0.0125_0.006_100_100	6.861554854081124	44.15174300000001	0.5653	0.79096	0.03982513846550137	
False_0.0125_0.007_100_100	6.6915629268185794	43.966672800000005	0.56522	0.79102	0.039822793324925006	
False_0.0125_0.008_100_100	6.599089273201674	43.81499780000003	0.56536	0.79118	0.03982326329931617	
False_0.0125_0.009_100_100	6.499203654814213	43.677551799999996	0.5654	0.79092	0.039824291190318765	
False_0.0125_0.01_100_100	6.424861556013077	43.5611818	0.56552	0.79092	0.0398240717029199	
False_0.013_0.005_100_100	6.998063986301869	44.29140200000001	0.5653	0.79114	0.039822013446949425	
False_0.013_0.006_100_100	6.857144537936896	44.10557900000005	0.56542	0.79114	0.03982506733577698	
False_0.013_0.007_100_100	6.687152611033172	43.922305200000054	0.56538	0.79114	0.03982254972692579	
False_0.013_0.008_100_100	6.594678956617564	43.771965000000044	0.56554	0.79118	0.0398231497240439	
False_0.013_0.009_100_100	6.49479333540842	43.635722200000075	0.56548	0.79092	0.03982513447295875	
False_0.013_0.01_100_100	6.420451239994019	43.52036719999997	0.56552	0.79114	0.03982416319552809	
False_0.0135_0.005_100_100	6.992428188943714	44.24076980000002	0.56536	0.79118	0.03982177666306495	
False_0.0135_0.006_100_100	6.851508740639537	44.056952999999986	0.5654	0.7911	0.03982497287582606	
False_0.0135_0.007_100_100	6.681516812921614	43.87542960000001	0.5655	0.79112	0.039822226766683164	
False_0.0135_0.008_100_100	6.589043160368055	43.726603000000026	0.56542	0.7911	0.03982260776728392	
False_0.0135_0.009_100_100	6.489157539828867	43.591645399999955	0.56544	0.79088	0.03982404139030725	
False_0.0135_0.01_100_100	6.414815443069786	43.47728660000004	0.56572	0.79108	0.03982472337335348	
False_0.014_0.005_100_100	6.9461642347566785	44.158251000000014	0.56512	0.79118	0.03982210980504751	
False_0.014_0.006_100_100	6.8052659049360456	43.97748039999993	0.56532	0.79096	0.03982435899943113	
False_0.014_0.007_100_100	6.635252859940976	43.79900000000008	0.56534	0.79104	0.03982200137600303	
False_0.014_0.008_100_100	6.542779205190986	43.65250799999999	0.56522	0.79084	0.03982409080903977	
False_0.014_0.009_100_100	6.442893587760777	43.519593599999936	0.56524	0.79082	0.039823431847132745	
False_0.014_0.01_100_100	6.3685514886413515	43.406921800000035	0.56532	0.79082	0.039823967721015215	
False_0.0145_0.005_100_100	6.907046939242333	44.07747660000004	0.56514	0.7911	0.03982223627123982	
False_0.0145_0.006_100_100	6.766127493427247	43.89977159999997	0.56508	0.79078	0.03982384423706681	
False_0.0145_0.007_100_100	6.596135566078871	43.72415359999997	0.5653	0.79102	0.03982275921717286	
False_0.0145_0.008_100_100	6.503661912584156	43.5799298	0.56528	0.79074	0.03982376213103533	
False_0.0145_0.009_100_100	6.403776290796846	43.4490278	0.56502	0.79076	0.039823392298668624	
False_0.0145_0.01_100_100	6.329434192520231	43.337978400000004	0.56508	0.791	0.039824026323258876	
False_0.015_0.005_100_100	6.87321277562961	44.00642440000006	0.56524	0.79116	0.03982147708181292	
False_0.015_0.006_100_100	6.732318218818754	43.83128199999998	0.56524	0.79112	0.03982278768774122	
False_0.015_0.007_100_100	6.562301399872154	43.65817499999994	0.56506	0.79108	0.03982222638975829	
False_0.015_0.008_100_100	6.469827745101899	43.5159128	0.56534	0.7909	0.03982387950658798	
False_0.015_0.009_100_100	6.3699421269766985	43.386739400000025	0.5654	0.79076	0.03982344988886267	
False_0.015_0.01_100_100	6.295600029724091	43.27711259999998	0.56516	0.79078	0.03982397119041532	
False_0.0155_0.005_100_100	6.86069994326517	43.944206599999966	0.56544	0.79106	0.03982289722230285	
False_0.0155_0.006_100_100	6.719780495264978	43.771276800000024	0.56534	0.79092	0.03982351478833705	
False_0.0155_0.007_100_100	6.549788567980975	43.600303599999954	0.56518	0.79114	0.03982328752532601	
False_0.0155_0.008_100_100	6.457314912205786	43.459742800000015	0.56516	0.79092	0.039825398830138144	
False_0.0155_0.009_100_100	6.35742929292962	43.3320348	0.56526	0.79114	0.039825539077408614	
False_0.0155_0.01_100_100	6.283087193477601	43.22363999999999	0.56534	0.79098	0.03982379179034382	
False_0.016_0.005_100_100	6.845337430974692	43.894066800000026	0.56544	0.79092	0.03982257567156106	
False_0.016_0.006_100_100	6.704417984035462	43.72296780000002	0.56514	0.79098	0.03982460557516664	
False_0.016_0.007_100_100	6.534426055813283	43.553751199999944	0.56504	0.79114	0.0398236976832524	
False_0.016_0.008_100_100	6.441952401983589	43.41451799999995	0.56508	0.79094	0.039825583686195314	
False_0.016_0.009_100_100	6.342066783959121	43.28801599999993	0.56488	0.79098	0.0398265305743739	
False_0.016_0.01_100_100	6.267724686730355	43.180556599999974	0.56514	0.79096	0.039825495587326586	
False_0.0165_0.005_100_100	6.813231819988936	43.84046659999999	0.5652	0.791	0.03982314421955496	
False_0.0165_0.006_100_100	6.67231237173304	43.67122400000002	0.56528	0.791	0.039825689090900125	
False_0.0165_0.007_100_100	6.502320443932861	43.50383960000002	0.56508	0.7911	0.03982364051505923	
False_0.0165_0.008_100_100	6.409846788963526	43.36606380000003	0.56516	0.79098	0.03982653637871146	
False_0.0165_0.009_100_100	6.309961172473281	43.24080320000003	0.56524	0.79096	0.03982586203541607	
False_0.0165_0.01_100_100	6.235619072028846	43.13435420000002	0.56556	0.79096	0.03982570613924414	
False_0.017_0.005_100_100	6.788749187482447	43.79164599999995	0.56536	0.79098	0.039824446447342635	
False_0.017_0.006_100_100	6.64782974062249	43.624075000000026	0.56532	0.79088	0.039825275839082894	
False_0.017_0.007_100_100	6.477837810835093	43.458293400000066	0.56538	0.7909	0.03982424660686403	
False_0.017_0.008_100_100	6.385364155713767	43.32181879999998	0.56544	0.79084	0.03982545472156256	
False_0.017_0.009_100_100	6.28547853829965	43.1977178	0.56518	0.7908	0.03982654150467366	
False_0.017_0.01_100_100	6.211136439387054	43.092264799999974	0.56538	0.79076	0.039825371578894556	
False_0.0175_0.005_100_100	6.776655802770704	43.74970959999999	0.56508	0.79088	0.03982491459932178	
False_0.0175_0.006_100_100	6.635708843772858	43.58353600000002	0.56552	0.79082	0.03982615854393691	
False_0.0175_0.007_100_100	6.465716917198152	43.41917219999997	0.56532	0.7908	0.039825504649244246	
False_0.0175_0.008_100_100	6.373243261406869	43.2838258	0.56546	0.79084	0.03982600758273155	
False_0.0175_0.009_100_100	6.27335764098987	43.16066240000005	0.5653	0.79086	0.039826357888281344	
False_0.0175_0.01_100_100	6.199015543467254	43.055988400000075	0.5653	0.79086	0.03982617897093296	
False_0.018_0.005_100_100	6.7144243980322775	43.68591440000002	0.56494	0.79094	0.039824770893640817	
False_0.018_0.006_100_100	6.57350494732365	43.52199680000005	0.56516	0.79078	0.039826159266419706	
False_0.018_0.007_100_100	6.4035379164586965	43.35965400000001	0.56506	0.79068	0.039825323746949436	
False_0.018_0.008_100_100	6.311039371173233	43.22598660000001	0.56504	0.79102	0.0398269111834839	
False_0.018_0.009_100_100	6.211153750386089	43.10433620000001	0.56502	0.79062	0.039827129825949666	
False_0.018_0.01_100_100	6.136811651635617	43.000855799999975	0.56538	0.79084	0.039825486576557156	
False_0.0185_0.005_100_100	6.70007480773136	43.63643520000001	0.56522	0.79092	0.039823409034125505	
False_0.0185_0.006_100_100	6.559155361956805	43.474209999999964	0.56528	0.79082	0.03982603155732155	
False_0.0185_0.007_100_100	6.389163432829827	43.31350139999994	0.56526	0.79102	0.03982569367516786	
False_0.0185_0.008_100_100	6.29668978006348	43.18110540000002	0.5652	0.79098	0.03982708011996001	
False_0.0185_0.009_100_100	6.196804160154313	43.06056639999998	0.56534	0.7908	0.03982757975470275	
False_0.0185_0.01_100_100	6.122462064605802	42.95803380000008	0.56534	0.79082	0.03982465185839683	
False_0.019_0.005_100_100	6.692778403616995	43.59050760000001	0.56518	0.791	0.03982401602342725	
False_0.019_0.006_100_100	6.551858955506534	43.429821799999914	0.5651	0.7909	0.039826831826120616	
False_0.019_0.007_100_100	6.381867029597014	43.27060460000005	0.5651	0.79102	0.03982618804078549	
False_0.019_0.008_100_100	6.289393375800103	43.139403	0.56504	0.79104	0.039827732820771636	
False_0.019_0.009_100_100	6.189507756160348	43.01985600000007	0.56516	0.79088	0.039826919839866456	
False_0.019_0.01_100_100	6.1151656572888795	42.91821939999998	0.56542	0.79082	0.0398263412052393	
False_0.0195_0.005_100_100	6.6741963870839776	43.539007399999996	0.56516	0.79096	0.03982262196496129	
False_0.0195_0.006_100_100	6.533276936904639	43.38006539999997	0.56516	0.79092	0.03982571283314377	
False_0.0195_0.007_100_100	6.36328501273498	43.22248020000002	0.56528	0.79106	0.039824481457285586	
False_0.0195_0.008_100_100	6.270811359444708	43.092540800000016	0.5652	0.791	0.039826204312108454	
False_0.0195_0.009_100_100	6.170925738912672	42.97421180000003	0.565	0.791	0.039826525474675	
False_0.0195_0.01_100_100	6.096583640507311	42.873496999999986	0.5654	0.79084	0.039825592945478855	
False_0.02_0.005_100_100	6.625114642690271	43.47585339999998	0.56492	0.79104	0.0398255608984828	
False_0.02_0.006_100_100	6.484195193441957	43.318990600000014	0.56514	0.79074	0.03982634122658521	
False_0.02_0.007_100_100	6.31420326811418	43.16343219999999	0.5652	0.79104	0.0398259305299446	
False_0.02_0.008_100_100	6.221729612392634	43.035119600000016	0.56534	0.79072	0.03982758758250624	
False_0.02_0.009_100_100	6.121843993718475	42.91814879999996	0.56576	0.79094	0.039827986119948325	
False_0.02_0.01_100_100	6.047501897570938	42.818566800000006	0.56536	0.79082	0.039826436806283894	
False_0.0205_0.005_100_100	6.601616065730304	43.42460400000006	0.565	0.79096	0.039824856689311565	
False_0.0205_0.006_100_100	6.46067550346002	43.26938520000005	0.56522	0.79086	0.03982664327364415	
False_0.0205_0.007_100_100	6.290683575509638	43.11543760000001	0.5652	0.79092	0.03982549096349627	
False_0.0205_0.008_100_100	6.198209919671267	42.98842340000001	0.56536	0.79066	0.03982734306652099	
False_0.0205_0.009_100_100	6.098324302934259	42.872582199999954	0.56534	0.79094	0.03982653716847301	
False_0.0205_0.01_100_100	6.023982202758044	42.7739282	0.5655	0.7906	0.039826867029815916	
False_0.021_0.005_100_100	6.592055812835999	43.384995299906	0.5650913018260365	0.7908958179163583	0.03982306501173345	
False_0.021_0.006_100_100	6.451133546578236	43.23104282085646	0.5650713014260286	0.7910358207164143	0.03982418789286441	
False_0.021_0.007_100_100	6.281138219900299	43.078293965879304	0.5653513070261406	0.7908958179163583	0.03982356278506933	
False_0.021_0.008_100_100	6.188662716423446	42.952237244744886	0.5652913058261165	0.7909358187163743	0.039825197703212925	
False_0.021_0.009_100_100	6.088775098434093	42.837253945078906	0.5653513070261406	0.7910558211164224	0.03982409143907169	
False_0.021_0.01_100_100	6.014431514337818	42.739315986319745	0.5654913098261966	0.7907158143162863	0.039824818033180304	
False_0.0215_0.005_100_100	6.539189740068595	43.33363347266946	0.5650513010260205	0.7909158183163664	0.039823593924425145	
False_0.0215_0.006_100_100	6.398267474424772	43.1812894257885	0.5653113062261246	0.7909158183163664	0.03982479105308253	
False_0.0215_0.007_100_100	6.228272147389798	43.03017840356806	0.5654713094261885	0.7911158223164463	0.039824535913017226	
False_0.0215_0.008_100_100	6.135796641491755	42.90541270825421	0.5655113102262045	0.7910758215164303	0.039826284696712594	
False_0.0215_0.009_100_100	6.0359090256106604	42.79151463029263	0.5653913078261565	0.7907758155163104	0.039826175391454395	
False_0.0215_0.01_100_100	5.96156543980489	42.6945374907498	0.5656513130262605	0.7907358147162943	0.03982552233470592	
False_0.022_0.005_100_100	6.491475628751853	43.279925998519936	0.5652313046260925	0.7910758215164303	0.039824504426792695	
False_0.022_0.006_100_100	6.350553366376218	43.12929938598774	0.5655713114262285	0.7909758195163903	0.039824859833934134	
False_0.022_0.007_100_100	6.18055803703569	42.97978879577587	0.5654113082261645	0.7909558191163824	0.039823842866042215	
False_0.022_0.008_100_100	6.088082532645077	42.85632772655446	0.5652513050261005	0.7911358227164543	0.03982696380218039	
False_0.022_0.009_100_100	5.98819491746018	42.74360407208143	0.5653313066261325	0.7910158203164064	0.039826761360343306	
False_0.022_0.01_100_100	5.913851329503235	42.64758515170305	0.5656713134262685	0.7908958179163583	0.03982639368833233	
False_0.0225_0.005_100_100	6.449400700936472	43.225782515650366	0.5654513090261806	0.7911958239164784	0.039826719904856284	
False_0.0225_0.006_100_100	6.308478433661834	43.07683553671071	0.5657513150263005	0.7909158183163664	0.03982848213693233	
False_0.0225_0.007_100_100	6.1384831073057695	42.92904818096364	0.5655313106262125	0.7911158223164463	0.03982728266617534	
False_0.0225_0.008_100_100	6.0460076044529885	42.80688193763877	0.5655313106262125	0.7911158223164463	0.03982936899038606	
False_0.0225_0.009_100_100	5.946119986461848	42.69530010600207	0.5653513070261406	0.7908958179163583	0.03982858980589855	
False_0.0225_0.01_100_100	5.871776401238426	42.600242604852035	0.5654313086261725	0.7911958239164784	0.03982770496507315	
False_0.023_0.005_100_100	6.404546929319162	43.16824936498729	0.5652713054261085	0.7910758215164303	0.03982712459820156	
False_0.023_0.006_100_100	6.263624664316698	43.021038420768406	0.5651513030260605	0.7909158183163664	0.03982806586362583	
False_0.023_0.007_100_100	6.093629337169664	42.87498809976199	0.5653513070261406	0.7910558211164224	0.03982864799781048	
False_0.023_0.008_100_100	6.001153832407112	42.75422868457364	0.5653913078261565	0.7911158223164463	0.03982996912497465	
False_0.023_0.009_100_100	5.90126621659516	42.643896077921596	0.5651913038260765	0.7909358187163743	0.039829252185744984	
False_0.023_0.01_100_100	5.826922630783429	42.549818596371935	0.5652713054261085	0.7910158203164064	0.03982923628976238	
False_0.0235_0.005_100_100	6.379661581628158	43.126291325826536	0.5650313006260125	0.7910758215164303	0.03982691592237627	
False_0.0235_0.006_100_100	6.238739315775715	42.98040000800019	0.5652513050261005	0.7910158203164064	0.03982864309057369	
False_0.0235_0.007_100_100	6.0687439896688025	42.835554111082196	0.5652513050261005	0.7911358227164543	0.039828355107319725	
False_0.0235_0.008_100_100	5.976268485426013	42.71577331546633	0.5652513050261005	0.7910158203164064	0.03982948737268188	
False_0.0235_0.009_100_100	5.876380868743221	42.60634172683448	0.5649512990259805	0.7912358247164943	0.03983030107822512	
False_0.0235_0.01_100_100	5.802037285058226	42.5129936598732	0.5652713054261085	0.7912358247164943	0.039829832767197586	
False_0.024_0.005_100_100	6.354938055627258	43.08362087241744	0.5650913018260365	0.7907958159163183	0.039826024355814504	
False_0.024_0.006_100_100	6.214015791399669	42.939026780535656	0.5653313066261325	0.7908358167163343	0.03982868279569806	
False_0.024_0.007_100_100	6.044020462051988	42.79543750875013	0.5656113122262445	0.7909958199163983	0.03982921467281154	
False_0.024_0.008_100_100	5.951544958796868	42.67668893377872	0.5651713034260685	0.7909358187163743	0.039828450813506236	
False_0.024_0.009_100_100	5.851657341961484	42.56811056221123	0.5651113022260446	0.7910958219164383	0.039829655561093455	
False_0.024_0.01_100_100	5.7773137562653885	42.475482309646175	0.5652513050261005	0.7912358247164943	0.03982990863533221	
False_0.0245_0.005_100_100	6.350292947565847	43.05399787995758	0.5650913018260365	0.7908958179163583	0.039827838922560414	
False_0.0245_0.006_100_100	6.20937068022743	42.91028100562007	0.5653313066261325	0.7909958199163983	0.03982989914083021	
False_0.0245_0.007_100_100	6.0393753545568325	42.767524950498974	0.5652513050261005	0.7909758195163903	0.03982951860684823	
False_0.0245_0.008_100_100	5.946899849482542	42.64944938898775	0.5652113042260846	0.7909158183163664	0.039829667931912366	
False_0.0245_0.009_100_100	5.84701223345899	42.54152043040864	0.5651513030260605	0.7911358227164543	0.039830592551140055	
False_0.0245_0.01_100_100	5.772668648894213	42.44940138802777	0.5652913058261165	0.7914958299165983	0.039830803796498476	
False_0.025_0.005_100_100	6.332499973077617	43.0212256245125	0.5651913038260765	0.7910758215164303	0.0398291704579468	
False_0.025_0.006_100_100	6.191577704629339	42.87846916938335	0.5653313066261325	0.7910958219164383	0.03983037163719334	
False_0.025_0.007_100_100	6.021582378044388	42.73666733334667	0.5654513090261806	0.7909158183163664	0.03983058919909406	
False_0.025_0.008_100_100	5.929106874282619	42.619301786035706	0.5654313086261725	0.7911158223164463	0.03982969083333173	
False_0.025_0.009_100_100	5.8292192576189	42.51205864117286	0.5650513010260205	0.7911958239164784	0.0398321318054918	
False_0.025_0.01_100_100	5.754875672791857	42.42052121042425	0.5650913018260365	0.7911158223164463	0.03983196943129433	
False_0.0255_0.005_100_100	6.326634162350768	42.99017800356007	0.5651713034260685	0.7908558171163423	0.03982837494123646	
False_0.0255_0.006_100_100	6.18571189658058	42.84833136662735	0.5653113062261246	0.7909958199163983	0.039829960611994515	
False_0.0255_0.007_100_100	6.0157165691933345	42.70745434908703	0.5651913038260765	0.7910158203164064	0.03982965786888244	
False_0.0255_0.008_100_100	5.923241062041781	42.590822016440335	0.5653313066261325	0.7911758235164703	0.03982940174681098	
False_0.0255_0.009_100_100	5.823353447553675	42.484218684373744	0.5652113042260846	0.7911358227164543	0.039830892627822266	
False_0.0255_0.01_100_100	5.749009862773721	42.39314986299723	0.5651713034260685	0.7910758215164303	0.03983171898403382	
False_0.026_0.005_100_100	6.30808412076633	42.95443828876579	0.5651313026260525	0.7910158203164064	0.03982813488018127	
False_0.026_0.006_100_100	6.167161853960193	42.813664073281466	0.5653113062261246	0.7910758215164303	0.03983053127715931	
False_0.026_0.007_100_100	5.9971665259649685	42.67381267625347	0.5654513090261806	0.7911158223164463	0.03983062298170797	
False_0.026_0.008_100_100	5.904691022165647	42.55799935998719	0.5653313066261325	0.7910558211164224	0.03983104801163345	
False_0.026_0.009_100_100	5.804803405549612	42.45208144162881	0.5651513030260605	0.7911758235164703	0.039830500146483594	
False_0.026_0.01_100_100	5.73045982002697	42.36168743374868	0.5651113022260446	0.7910158203164064	0.03983109463781506	
False_0.0265_0.005_100_100	6.28434570533373	42.91860717214339	0.5649712994259886	0.7911358227164543	0.03982930209006136	
False_0.0265_0.006_100_100	6.143423441845254	42.77887337746754	0.5653113062261246	0.7911358227164543	0.03983198725723943	
False_0.0265_0.007_100_100	5.973428112663873	42.64005780115601	0.5653113062261246	0.7910158203164064	0.03982990412644868	
False_0.0265_0.008_100_100	5.880952607952582	42.52508210164201	0.5652313046260925	0.7912358247164943	0.03983139893704927	
False_0.0265_0.009_100_100	5.7810649916798775	42.419847396947915	0.5650913018260365	0.7912158243164863	0.039831095059638125	
False_0.0265_0.01_100_100	5.706721405803176	42.33008180163606	0.5652913058261165	0.7911558231164624	0.039831079682412555	
False_0.027_0.005_100_100	6.256324474349108	42.88153163063258	0.5651713034260685	0.7911358227164543	0.03983010965717199	
False_0.027_0.006_100_100	6.1154022094974465	42.742859057181136	0.5651713034260685	0.7912358247164943	0.03983268012837723	
False_0.027_0.007_100_100	5.945406881577325	42.60507490149805	0.5650513010260205	0.7913358267165344	0.039830062225864535	
False_0.027_0.008_100_100	5.852931376575158	42.490979819596404	0.5649512990259805	0.7910958219164383	0.039831426894720016	
False_0.027_0.009_100_100	5.753043760874669	42.38648012960257	0.5650513010260205	0.7910958219164383	0.03983157305575732	
False_0.027_0.01_100_100	5.678700174876968	42.29730394607897	0.5651713034260685	0.7910958219164383	0.03983235954292845	
False_0.0275_0.005_100_100	6.247078857216664	42.84810756215124	0.5650113002260045	0.7911758235164703	0.039830698236014234	
False_0.0275_0.006_100_100	6.10615659073359	42.71043260865217	0.5650113002260045	0.7911358227164543	0.03983208963615037	
False_0.0275_0.007_100_100	5.936161263305814	42.57362887257752	0.5650913018260365	0.7911758235164703	0.039830684066961726	
False_0.0275_0.008_100_100	5.843685759219788	42.460200804016104	0.5651113022260446	0.7910958219164383	0.03983047213706753	
False_0.0275_0.009_100_100	5.743798141849144	42.35637172743459	0.5651313026260525	0.7911158223164463	0.0398321721793564	
False_0.0275_0.01_100_100	5.669454558147459	42.267796755935116	0.5651313026260525	0.7912558251165023	0.03983133318704271	
False_0.028_0.005_100_100	6.241301346017484	42.8181587631752	0.5650313006260125	0.7912558251165023	0.03983046759428317	
False_0.028_0.006_100_100	6.100379079701903	42.681341826836494	0.5650113002260045	0.7911158223164463	0.039832994416022297	
False_0.028_0.007_100_100	5.930383753596183	42.54534930698613	0.5648912978259565	0.7911358227164543	0.03982995791952436	
False_0.028_0.008_100_100	5.8379082473494455	42.432632452649024	0.5650313006260125	0.7909758195163903	0.039830263398693354	
False_0.028_0.009_100_100	5.738020632467942	42.32938398767975	0.5653113062261246	0.7911558231164624	0.03983164364836558	
False_0.028_0.01_100_100	5.663677045145799	42.24127942558855	0.5651713034260685	0.7909358187163743	0.0398318650331239	
False_0.0285_0.005_100_100	6.23567543521128	42.788084961699255	0.5649712994259886	0.7909958199163983	0.039830293529145876	
False_0.0285_0.006_100_100	6.0947531707184455	42.65213184263685	0.5648512970259405	0.7911158223164463	0.039832768885491754	
False_0.0285_0.007_100_100	5.924757842067557	42.51695193903881	0.5651113022260446	0.7911758235164703	0.039830412964006266	
False_0.0285_0.008_100_100	5.832282338494737	42.40490029800589	0.5650313006260125	0.7911758235164703	0.039829916953699286	
False_0.0285_0.009_100_100	5.732394722064673	42.30224964499286	0.5652713054261085	0.7912358247164943	0.039832009003572186	
False_0.0285_0.01_100_100	5.658051136766744	42.21465589311786	0.5651913038260765	0.7909958199163983	0.03983143958875158	
False_0.029_0.005_100_100	6.2215336798136205	42.75285805716111	0.5650513010260205	0.7910558211164224	0.03983058057498629	
False_0.029_0.006_100_100	6.080611414237152	42.617883957679155	0.5650513010260205	0.7910358207164143	0.039832799720410754	
False_0.029_0.007_100_100	5.9106160882339545	42.483713274265476	0.5653513070261406	0.7910158203164064	0.03983047093392371	
False_0.029_0.008_100_100	5.818140581068095	42.37242784855698	0.5650913018260365	0.7910958219164383	0.039831611207479065	
False_0.029_0.009_100_100	5.718252966130561	42.270501810036215	0.5652913058261165	0.7912558251165023	0.039833084320288405	
False_0.029_0.01_100_100	5.643909380426121	42.18346466929336	0.5651113022260446	0.7909358187163743	0.03983241842444266	
False_0.0295_0.005_100_100	6.204123149405322	42.71598071961441	0.5651713034260685	0.7911958239164784	0.03983113053889492	
False_0.0295_0.006_100_100	6.063200883878923	42.5820572411448	0.5649512990259805	0.7908958179163583	0.039833298987580666	
False_0.0295_0.007_100_100	5.893205558459862	42.44885017700354	0.5651913038260765	0.7911758235164703	0.039831999069849675	
False_0.0295_0.008_100_100	5.800730053428488	42.338409568191366	0.5651713034260685	0.7912558251165023	0.039833755026287936	
False_0.0295_0.009_100_100	5.7008424350105695	42.23719834396687	0.5649312986259725	0.7911158223164463	0.03983419670293155	
False_0.0295_0.01_100_100	5.6264988493848085	42.15079581591631	0.5648912978259565	0.7910558211164224	0.039834096666455494	
False_0.03_0.005_100_100	6.197673128950336	42.687606752135004	0.5649912998259965	0.7911558231164624	0.03983081909787561	
False_0.03_0.006_100_100	6.05675086287437	42.554529090581816	0.5649312986259725	0.7911958239164784	0.03983292609953741	
False_0.03_0.007_100_100	5.886755534807023	42.42208244164877	0.5652313046260925	0.7912158243164863	0.03983245696140439	
False_0.03_0.008_100_100	5.7942800334414075	42.31225044500889	0.5650313006260125	0.7912358247164943	0.03983391592911532	
False_0.03_0.009_100_100	5.694392414099002	42.211558231164624	0.5649112982259645	0.7909758195163903	0.03983359504276882	
False_0.03_0.01_100_100	5.620048829239176	42.12559951199026	0.5650113002260045	0.7910158203164064	0.039834101274731755	
False_0.0305_0.005_100_100	6.191507011265151	42.656945938918774	0.5649312986259725	0.7910958219164383	0.03983195748151615	
False_0.0305_0.006_100_100	6.050584745921145	42.52468269365388	0.5651113022260446	0.7910558211164224	0.03983290098461804	
False_0.0305_0.007_100_100	5.880589418524959	42.39305786115724	0.5650313006260125	0.7909958199163983	0.03983168973030865	
False_0.0305_0.008_100_100	5.788113915442696	42.28385867717353	0.5650113002260045	0.7910558211164224	0.03983200487605425	
False_0.0305_0.009_100_100	5.688226297948072	42.18382027640549	0.5648512970259405	0.7909958199163983	0.03983292290391948	
False_0.0305_0.01_100_100	5.613882712158395	42.09832096641933	0.5649512990259805	0.7909958199163983	0.03983304627034362	
False_0.031_0.005_100_100	6.183181362872472	42.62656213124258	0.5650713014260286	0.7913158263165263	0.039831419029059276	
False_0.031_0.006_100_100	6.042259098875558	42.49513610272204	0.5648112962259245	0.7911158223164463	0.03983309534032729	
False_0.031_0.007_100_100	5.872263772535588	42.36435148702978	0.5651913038260765	0.7911358227164543	0.039830885392865785	
False_0.031_0.008_100_100	5.779788269626181	42.255809716194314	0.5649912998259965	0.7912558251165023	0.03983224057489352	
False_0.031_0.009_100_100	5.679900650289737	42.15634752695053	0.5649312986259725	0.7910158203164064	0.03983247951494919	
False_0.031_0.01_100_100	5.605557063516563	42.071325026500546	0.5648912978259565	0.7910558211164224	0.039832539531917344	
False_0.0315_0.005_100_100	6.168236371693548	42.59379347586955	0.5650113002260045	0.7908758175163503	0.03983091101350343	
False_0.0315_0.006_100_100	6.027314106866921	42.46329166583328	0.5649912998259965	0.7911758235164703	0.039832730086785895	
False_0.0315_0.007_100_100	5.857318778695859	42.333381267625406	0.5649712994259886	0.7912158243164863	0.03983146324228485	
False_0.0315_0.008_100_100	5.764843274580627	42.22555791115826	0.5649512990259805	0.7911958239164784	0.039832008039745806	
False_0.0315_0.009_100_100	5.66495565553625	42.12672673453464	0.5648712974259485	0.7912358247164943	0.03983318302222703	
False_0.0315_0.01_100_100	5.590612072176107	42.042214444288874	0.5646912938258766	0.7912758255165103	0.03983340655227392	
False_0.032_0.005_100_100	6.158584840166113	42.56363247264944	0.5649912998259965	0.7910958219164383	0.039831883201541796	
False_0.032_0.006_100_100	6.017662572879553	42.43392907858156	0.5649912998259965	0.7911958239164784	0.03983338163301071	
False_0.032_0.007_100_100	5.847667244945126	42.304822496449965	0.5652313046260925	0.7912158243164863	0.03983344349869114	
False_0.032_0.008_100_100	5.755191741665567	42.19767395347907	0.5650313006260125	0.7912358247164943	0.03983357686391991	
False_0.032_0.009_100_100	5.655304123455077	42.09940118802376	0.5649912998259965	0.7912158243164863	0.039834088707846896	
False_0.032_0.01_100_100	5.580960538343119	42.01538650773015	0.5649112982259645	0.7911958239164784	0.03983466870348588	
False_0.0325_0.005_100_100	6.1481472232031384	42.531699033980715	0.5649712994259886	0.7912558251165023	0.03983075424240365	
False_0.0325_0.006_100_100	6.007224959799303	42.40285625712518	0.5647912958259165	0.7911158223164463	0.039834138009734524	
False_0.0325_0.007_100_100	5.8372296313355765	42.274538890777805	0.5649312986259725	0.7911958239164784	0.03983300047245962	
False_0.0325_0.008_100_100	5.7447541258637145	42.168122962459165	0.5652113042260846	0.7910958219164383	0.039832759208744906	
False_0.0325_0.009_100_100	5.644866509706049	42.0704354087082	0.5650713014260286	0.7910958219164383	0.03983320208015027	
False_0.0325_0.01_100_100	5.570522924766948	41.987018140362814	0.5651313026260525	0.7913158263165263	0.039835260301959816	
False_0.033_0.005_100_100	6.131493090332722	42.49609632192642	0.5647512950259005	0.7911358227164543	0.039833182430639096	
False_0.033_0.006_100_100	5.990570826424024	42.36820456409125	0.5650713014260286	0.7911358227164543	0.03983529209545244	
False_0.033_0.007_100_100	5.8205754990969805	42.240850617012335	0.5650713014260286	0.7911958239164784	0.03983380334046959	
False_0.033_0.008_100_100	5.72809999562728	42.13513630272602	0.5650713014260286	0.7908758175163503	0.03983475341515225	
False_0.033_0.009_100_100	5.628212376549524	42.0381839636793	0.5650513010260205	0.7911158223164463	0.039834186787277064	
False_0.033_0.01_100_100	5.55386879223986	41.9552933058662	0.5651113022260446	0.7914158283165663	0.03983600943117267	
False_0.0335_0.005_100_100	6.1113839470506175	42.46204344086886	0.5649112982259645	0.7911158223164463	0.03983343040634358	
False_0.0335_0.006_100_100	5.970461682636463	42.33510190203811	0.5649112982259645	0.7911358227164543	0.03983616378316957	
False_0.0335_0.007_100_100	5.8004663541208785	42.208630372607466	0.5652113042260846	0.7912158243164863	0.03983372685884189	
False_0.0335_0.008_100_100	5.707990851679974	42.103642272845484	0.5651913038260765	0.7909958199163983	0.039834676394240744	
False_0.0335_0.009_100_100	5.608103235614698	42.007326546530955	0.5651513030260605	0.7912758255165103	0.039835493728699094	
False_0.0335_0.01_100_100	5.533759647169581	41.92494749894999	0.5651113022260446	0.7916158323166463	0.03983599445013966	
False_0.034_0.005_100_100	6.098165630468114	42.43092181843638	0.5650313006260125	0.7911958239164784	0.039832233024324135	
False_0.034_0.006_100_100	5.957243365909713	42.304810096202004	0.5651913038260765	0.7911958239164784	0.039835035231698096	
False_0.034_0.007_100_100	5.78724803826199	42.17913438268766	0.5650713014260286	0.7912158243164863	0.03983325100454668	
False_0.034_0.008_100_100	5.69477253353699	42.074793095861956	0.5651713034260685	0.7909758195163903	0.03983414627065648	
False_0.034_0.009_100_100	5.594884917134345	41.97905038100761	0.5653513070261406	0.7912358247164943	0.03983554234403924	
False_0.034_0.01_100_100	5.520541331892445	41.89713154263085	0.5650713014260286	0.7914358287165744	0.03983499465103849	
False_0.0345_0.005_100_100	6.089760944710085	42.39768855377109	0.5649112982259645	0.7911358227164543	0.039832795675037114	
False_0.0345_0.006_100_100	5.94883867840583	42.272453249064974	0.5649312986259725	0.7912958259165184	0.03983514626172569	
False_0.0345_0.007_100_100	5.77884335181611	42.14766955339101	0.5651713034260685	0.7911358227164543	0.03983415947245526	
False_0.0345_0.008_100_100	5.686367847780749	42.04399767995349	0.5651313026260525	0.7911358227164543	0.039834299067611594	
False_0.0345_0.009_100_100	5.586480229789609	41.94883457669154	0.5654913098261966	0.7910558211164224	0.0398350733369273	
False_0.0345_0.01_100_100	5.512136643226248	41.86746014920297	0.5652513050261005	0.7911558231164624	0.03983461867686578	
False_0.035_0.005_100_100	6.082398501214925	42.367498349967086	0.5651113022260446	0.7909558191163824	0.039833809840262586	
False_0.035_0.006_100_100	5.941476235574679	42.24305286105723	0.5650113002260045	0.7910158203164064	0.03983587525828482	
False_0.035_0.007_100_100	5.77148090876561	42.11900918018356	0.5652913058261165	0.7911558231164624	0.03983469337236732	
False_0.035_0.008_100_100	5.67900540438692	42.015971719434354	0.5652713054261085	0.7911358227164543	0.03983460572634285	
False_0.035_0.009_100_100	5.579117788219717	41.92136762735253	0.5655113102262045	0.7912358247164943	0.039836033737985915	
False_0.035_0.01_100_100	5.504774201789873	41.84047060941215	0.5653513070261406	0.7910358207164143	0.03983648122925343	
False_0.0355_0.005_100_100	6.07693910359497	42.33956679133578	0.5647912958259165	0.7910158203164064	0.0398338317909316	
False_0.0355_0.006_100_100	5.936016838140694	42.21583471669432	0.5649912998259965	0.7912158243164863	0.03983475740684339	
False_0.0355_0.007_100_100	5.766021510715301	42.09256505130105	0.5650513010260205	0.7912158243164863	0.0398348974868187	
False_0.0355_0.008_100_100	5.67354600506343	41.990073601472	0.5651513030260605	0.7911758235164703	0.03983503210764442	
False_0.0355_0.009_100_100	5.573658389420759	41.896005720114374	0.5652913058261165	0.7912358247164943	0.03983653957334651	
False_0.0355_0.01_100_100	5.499314803375969	41.815492909858186	0.5651313026260525	0.7912958259165184	0.03983545545467362	
False_0.036_0.005_100_100	6.072304618504885	42.31318926378526	0.5648512970259405	0.7910558211164224	0.03983387909986082	
False_0.036_0.006_100_100	5.931382351921674	42.19011380227604	0.5649112982259645	0.7912158243164863	0.03983531473684134	
False_0.036_0.007_100_100	5.761387026360751	42.06752075041501	0.5650113002260045	0.7911358227164543	0.039835165240075146	
False_0.036_0.008_100_100	5.668911519864862	41.96558231164625	0.5650913018260365	0.7910158203164064	0.03983555204723618	
False_0.036_0.009_100_100	5.569023905658692	41.8719790395808	0.5653113062261246	0.7911758235164703	0.03983779276829718	
False_0.036_0.01_100_100	5.494680318947508	41.791871437428746	0.5651913038260765	0.7912358247164943	0.03983742060226688	
False_0.0365_0.005_100_100	6.0614262258679386	42.28655273105462	0.5647112942258845	0.7912358247164943	0.03983286789980221	
False_0.0365_0.006_100_100	5.920503959962446	42.16421348426967	0.5647112942258845	0.7909758195163903	0.039835185262867875	
False_0.0365_0.007_100_100	5.750508632553742	42.04225004500095	0.5648912978259565	0.7911158223164463	0.03983522457667992	
False_0.0365_0.008_100_100	5.6580331276976095	41.94086541730836	0.5649712994259886	0.7910758215164303	0.03983453158424425	
False_0.0365_0.009_100_100	5.558145511895194	41.84777455549112	0.5651313026260525	0.7909758195163903	0.039836233685393234	
False_0.0365_0.01_100_100	5.483801927102127	41.76808356167125	0.5649912998259965	0.7913158263165263	0.03983620952718479	
False_0.037_0.005_100_100	6.050304527032871	42.26176983539665	0.5647912958259165	0.7912758255165103	0.039834386366022274	
False_0.037_0.006_100_100	5.9093822620012	42.14007900158006	0.5646512930258605	0.7912958259165184	0.03983578868423407	
False_0.037_0.007_100_100	5.739386934273605	42.01875937518751	0.5648512970259405	0.7911958239164784	0.03983479492841969	
False_0.037_0.008_100_100	5.646911431472085	41.91784475689518	0.5646312926258525	0.7911758235164703	0.03983502657771291	
False_0.037_0.009_100_100	5.547023811699326	41.82522510450211	0.5647712954259085	0.7912558251165023	0.03983644437638011	
False_0.037_0.01_100_100	5.472680226518821	41.745901718034354	0.5647712954259085	0.7913758275165503	0.03983712522852245	
False_0.0375_0.005_100_100	6.0467232676963265	42.239563391267765	0.5645512910258205	0.7911558231164624	0.03983459386966154	
False_0.0375_0.006_100_100	5.9058010012329225	42.11841356827135	0.5646312926258525	0.7912358247164943	0.0398352352193021	
False_0.0375_0.007_100_100	5.735805676157192	41.9976395527911	0.5646112922258445	0.7913158263165263	0.0398345524543712	
False_0.0375_0.008_100_100	5.6433301714482855	41.897219144382845	0.5646512930258605	0.7910958219164383	0.03983480194425021	
False_0.0375_0.009_100_100	5.5434425541032715	41.80495449908996	0.5646912938258766	0.7913158263165263	0.03983570342858992	
False_0.0375_0.01_100_100	5.469098968505525	41.72594191883844	0.5646712934258685	0.7914158283165663	0.03983651961854169	
False_0.038_0.005_100_100	6.044874868793925	42.22128322566453	0.5645512910258205	0.7912158243164863	0.03983463287922304	
False_0.038_0.006_100_100	5.9039525996470665	42.10067681353627	0.5645712914258285	0.7911558231164624	0.039835885340016065	
False_0.038_0.007_100_100	5.733957274214893	41.980321606432085	0.5648512970259405	0.7913558271165423	0.039834306429901045	
False_0.038_0.008_100_100	5.641481769092321	41.8802526050521	0.5648512970259405	0.7911758235164703	0.03983510100863904	
False_0.038_0.009_100_100	5.541594152919159	41.78828996579927	0.5646712934258685	0.7911558231164624	0.039836372434668234	
False_0.038_0.01_100_100	5.467250567993767	41.709571991439795	0.5646912938258766	0.7912158243164863	0.039836400451348765	
False_0.0385_0.005_100_100	6.032800383770613	42.19556131122627	0.5646312926258525	0.7910158203164064	0.03983554762895351	
False_0.0385_0.006_100_100	5.8918781174598	42.07555511110222	0.5645112902258045	0.7911158223164463	0.03983686705332794	
False_0.0385_0.007_100_100	5.7218827903491265	41.955830916618375	0.5647312946258926	0.7912158243164863	0.03983624512256122	
False_0.0385_0.008_100_100	5.6294072852718555	41.85626712534245	0.5648712974259485	0.7911558231164624	0.03983592862570031	
False_0.0385_0.009_100_100	5.5295196695493125	41.76483669673387	0.5646712934258685	0.7910358207164143	0.03983765892983532	
False_0.0385_0.01_100_100	5.455176085324886	41.68648572971456	0.5647312946258926	0.7912158243164863	0.039837853589385325	
False_0.039_0.005_100_100	6.029051504291728	42.17418428368568	0.5646712934258685	0.7911358227164543	0.03983672740966736	
False_0.039_0.006_100_100	5.888129238630619	42.05470529410592	0.5645312906258125	0.7911758235164703	0.03983775918759805	
False_0.039_0.007_100_100	5.718133911498487	41.93553931078622	0.5647912958259165	0.7911558231164624	0.03983744072363276	
False_0.039_0.008_100_100	5.625658405798932	41.83638852777056	0.5647512950259005	0.7912358247164943	0.03983633317666215	
False_0.039_0.009_100_100	5.5257707919635095	41.7453671073421	0.5645712914258285	0.7912958259165184	0.039838814643947444	
False_0.039_0.01_100_100	5.451427205134307	41.66730314606297	0.5646712934258685	0.7913158263165263	0.0398385862791221	
False_0.0395_0.005_100_100	6.025398230700615	42.151032220644325	0.5646312926258525	0.7910358207164143	0.039836405722218415	
False_0.0395_0.006_100_100	5.884475966429514	42.032110642212835	0.5645312906258125	0.7912558251165023	0.03983677737720317	
False_0.0395_0.007_100_100	5.714480637684448	41.91349346986942	0.5647912958259165	0.7911558231164624	0.03983702691726284	
False_0.0395_0.008_100_100	5.6220051324826015	41.81483049660996	0.5647912958259165	0.7912158243164863	0.03983629301309439	
False_0.0395_0.009_100_100	5.52211751850949	41.72418328366566	0.5645712914258285	0.7912958259165184	0.03983756036074321	
False_0.0395_0.01_100_100	5.447773931000184	41.64650793015858	0.5645512910258205	0.7913758275165503	0.03983684889757629	
False_0.04_0.005_100_100	6.010351505600149	42.1215482309646	0.5646112922258445	0.7910558211164224	0.03983661942896261	
False_0.04_0.006_100_100	5.8694292408796205	42.00338646772938	0.5646112922258445	0.7910958219164383	0.03983838443315712	
False_0.04_0.007_100_100	5.699433912237076	41.88550211004222	0.5646112922258445	0.7910758215164303	0.039835845585307096	
False_0.04_0.008_100_100	5.606958409552384	41.78745754915095	0.5646512930258605	0.7909958199163983	0.03983680993830721	
False_0.04_0.009_100_100	5.507070793611684	41.697313746274915	0.5644712894257885	0.7912158243164863	0.03983691668144576	
False_0.04_0.01_100_100	5.432727205527778	41.62009280185608	0.5648312966259326	0.7913558271165423	0.03983715728994331	
False_0.0405_0.005_100_100	5.983746773733034	42.084100682013606	0.5649312986259725	0.7910158203164064	0.039836475437652286	
False_0.0405_0.006_100_100	5.8428245065257505	41.966849336986705	0.5647512950259005	0.7910158203164064	0.039838292106733314	
False_0.0405_0.007_100_100	5.672829180284129	41.849904198083955	0.5649512990259805	0.7910558211164224	0.039836547390987305	
False_0.0405_0.008_100_100	5.580353675460779	41.752545050900956	0.5648912978259565	0.7911558231164624	0.03983678071423594	
False_0.0405_0.009_100_100	5.480466059558227	41.66306946138923	0.5646312926258525	0.7908558171163423	0.03983863572406374	
False_0.0405_0.01_100_100	5.406122474563096	41.58639912798262	0.5646312926258525	0.7910158203164064	0.03983894330791484	
False_0.041_0.005_100_100	5.973006015976786	42.05409548190966	0.5647112942258845	0.7911358227164543	0.03983576888742196	
False_0.041_0.006_100_100	5.83208375144938	41.93761475229504	0.5643512870257406	0.7910558211164224	0.039837661668239224	
False_0.041_0.007_100_100	5.662088422006329	41.82138422768458	0.5647712954259085	0.7910958219164383	0.03983729197816088	
False_0.041_0.008_100_100	5.569612918217141	41.72465889317786	0.5648312966259326	0.7908958179163583	0.039837593745488155	
False_0.041_0.009_100_100	5.4697253037344	41.63574271485436	0.5646312926258525	0.7910358207164143	0.03983902955014735	
False_0.041_0.01_100_100	5.395381716741281	41.55949938998774	0.5647312946258926	0.7909158183163664	0.03983957310318744	
False_0.0415_0.005_100_100	5.97076669953299	42.035467509350156	0.5648112962259245	0.7911358227164543	0.0398361729977104	
False_0.0415_0.006_100_100	5.829844434850013	41.91948158963181	0.5644912898257965	0.7910958219164383	0.03983881808830798	
False_0.0415_0.007_100_100	5.659849107274414	41.80363947278953	0.5647112942258845	0.7911958239164784	0.039837824998812346	
False_0.0415_0.008_100_100	5.567373603383895	41.70726714534285	0.5646112922258445	0.7910758215164303	0.03983809541194201	
False_0.0415_0.009_100_100	5.46748598620995	41.618677973559514	0.5646712934258685	0.7911358227164543	0.03983941415379235	
False_0.0415_0.01_100_100	5.393142400594918	41.54271665433313	0.5645512910258205	0.7910158203164064	0.03983987313345161	
False_0.042_0.005_100_100	5.968756850906538	42.01777495549908	0.5648712974259485	0.7912758255165103	0.039836545325458786	
False_0.042_0.006_100_100	5.827834586692063	41.9022194443889	0.5645712914258285	0.7911558231164624	0.039839687118685144	
False_0.042_0.007_100_100	5.657839259451448	41.78681973639475	0.5648312966259326	0.7911358227164543	0.039837323513336714	
False_0.042_0.008_100_100	5.565363755052491	41.690782615652275	0.5647912958259165	0.7910958219164383	0.039838537122560955	
False_0.042_0.009_100_100	5.46547613885191	41.602474649492976	0.5647912958259165	0.7910958219164383	0.03984058133088923	
False_0.042_0.01_100_100	5.391132553293504	41.526791135822705	0.5646712934258685	0.7910758215164303	0.03984061747795493	
False_0.0425_0.005_100_100	5.966733315000702	42.00004460089202	0.5649912998259965	0.7913358267165344	0.039837267620384656	
False_0.0425_0.006_100_100	5.825811047974619	41.88492369847393	0.5648512970259405	0.7912958259165184	0.03983957189110275	
False_0.0425_0.007_100_100	5.65581572114588	41.769977399548026	0.5649712994259886	0.7911158223164463	0.0398373176693942	
False_0.0425_0.008_100_100	5.563340218179848	41.674231484629644	0.5647712954259085	0.7911758235164703	0.039838970100142465	
False_0.0425_0.009_100_100	5.463452602098478	41.5862295245905	0.5646912938258766	0.7912158243164863	0.03984029100985709	
False_0.0425_0.01_100_100	5.389109015472531	41.51077521550433	0.5646512930258605	0.7910758215164303	0.03984068858484981	
False_0.043_0.005_100_100	5.965310649452535	41.9842680853617	0.5649512990259805	0.7913958279165584	0.03983631744042318	
False_0.043_0.006_100_100	5.8243883849173805	41.869530190603804	0.5647912958259165	0.7912958259165184	0.03983881368328762	
False_0.043_0.007_100_100	5.654393057675573	41.75497689953797	0.5648712974259485	0.7911558231164624	0.03983741736589346	
False_0.043_0.008_100_100	5.561917552463593	41.65952359047185	0.5647712954259085	0.7912958259165184	0.039838617083083325	
False_0.043_0.009_100_100	5.462029937033119	41.57178043560873	0.5648312966259326	0.7914158283165663	0.03984021429155696	
False_0.043_0.01_100_100	5.387686352309791	41.4965561311226	0.5646312926258525	0.7911758235164703	0.0398407428136069	
False_0.0435_0.005_100_100	5.963514950943531	41.967516950339	0.5649112982259645	0.7911558231164624	0.0398370747861889	
False_0.0435_0.006_100_100	5.822592683696907	41.853135662713306	0.5648312966259326	0.7911958239164784	0.039839135518857066	
False_0.0435_0.007_100_100	5.6525973582379105	41.7389787795756	0.5650713014260286	0.7911158223164463	0.03983722407385037	
False_0.0435_0.008_100_100	5.560121854083338	41.64385767715357	0.5648512970259405	0.7911558231164624	0.03983896303509987	
False_0.0435_0.009_100_100	5.460234237714668	41.556420328406546	0.5648912978259565	0.7912558251165023	0.039839796802663925	
False_0.0435_0.01_100_100	5.385890651355756	41.481465629312616	0.5648312966259326	0.7910158203164064	0.039840308296779155	
False_0.044_0.005_100_100	5.957433661357871	41.94733674673492	0.5649312986259725	0.7909958199163983	0.039837451507744294	
False_0.044_0.006_100_100	5.81651139586783	41.83347906958141	0.5646912938258766	0.7912558251165023	0.03983942900484738	
False_0.044_0.007_100_100	5.6465160680353295	41.71981239624798	0.5651913038260765	0.7910958219164383	0.03983833557466241	
False_0.044_0.008_100_100	5.554040563086807	41.625073301466074	0.5651313026260525	0.7910758215164303	0.039839740573050654	
False_0.044_0.009_100_100	5.454152947407181	41.5379599591992	0.5650313006260125	0.7911758235164703	0.039840440754695325	
False_0.044_0.01_100_100	5.379809361388022	41.463271065421274	0.5648712974259485	0.7912358247164943	0.039840915179866085	
False_0.0445_0.005_100_100	5.951348470787151	41.925169103382046	0.5651313026260525	0.7910358207164143	0.03983831212937703	
False_0.0445_0.006_100_100	5.8104262054055935	41.81180943618877	0.5645912918258366	0.7911958239164784	0.03984015805032055	
False_0.0445_0.007_100_100	5.64043087659198	41.69864877297549	0.5651513030260605	0.7910158203164064	0.039838591829915664	
False_0.0445_0.008_100_100	5.547955370299943	41.604343886877714	0.5649312986259725	0.7913158263165263	0.03984013305174432	
False_0.0445_0.009_100_100	5.448067754598858	41.51760995219907	0.5649512990259805	0.7912958259165184	0.03984076757763416	
False_0.0445_0.01_100_100	5.373724170929361	41.44324326486531	0.5648312966259326	0.7912358247164943	0.039840946604957385	
False_0.045_0.005_100_100	5.932363858065411	41.89513150263006	0.5649112982259645	0.7909158183163664	0.03983872721771949	
False_0.045_0.006_100_100	5.791441592577756	41.782480249605	0.5648912978259565	0.7910358207164143	0.039839153789200936	
False_0.045_0.007_100_100	5.621446266856493	41.67000160003197	0.5649512990259805	0.7910758215164303	0.03983904547861514	
False_0.045_0.008_100_100	5.528970760838642	41.57628032560648	0.5650913018260365	0.7912158243164863	0.03983868417507805	
False_0.045_0.009_100_100	5.429083143271895	41.49003360067207	0.5650713014260286	0.7908558171163423	0.039840524714545834	
False_0.045_0.01_100_100	5.354739559306753	41.416100322006436	0.5648912978259565	0.7909358187163743	0.0398398069800998	
False_0.0455_0.005_100_100	5.918447560919361	41.86391127822557	0.5650513010260205	0.7911758235164703	0.03983582005821336	
False_0.0455_0.006_100_100	5.777525294978105	41.752063841276886	0.5650313006260125	0.7911358227164543	0.03983795381529618	
False_0.0455_0.007_100_100	5.607529967333958	41.640322206444104	0.5648912978259565	0.7909758195163903	0.03983755572571882	
False_0.0455_0.008_100_100	5.515054463699149	41.54716454329086	0.5651313026260525	0.7909758195163903	0.03983621915490584	
False_0.0455_0.009_100_100	5.415166846799988	41.461479429588636	0.5646712934258685	0.7909558191163824	0.039838565914117365	
False_0.0455_0.01_100_100	5.3408232613399305	41.387962559251214	0.5647112942258845	0.7910958219164383	0.0398388669535456	
False_0.046_0.005_100_100	5.914264962258641	41.83998699973997	0.5650313006260125	0.7911358227164543	0.039835347609460385	
False_0.046_0.006_100_100	5.773342696342419	41.72873977479546	0.5650113002260045	0.7910958219164383	0.03983815942540702	
False_0.046_0.007_100_100	5.60334736849442	41.61751655033099	0.5649512990259805	0.7912558251165023	0.039837292881897135	
False_0.046_0.008_100_100	5.510871865194596	41.524811696233925	0.5651713034260685	0.7912558251165023	0.03983545768951996	
False_0.046_0.009_100_100	5.41098424880566	41.439530790615784	0.5649512990259805	0.7908358167163343	0.03983818793875318	
False_0.046_0.01_100_100	5.3366406636996615	41.366379727594584	0.5647312946258926	0.7911358227164543	0.039838745053052516	
False_0.0465_0.005_100_100	5.910327113241088	41.817842756855065	0.5652713054261085	0.7910358207164143	0.0398358492167182	
False_0.0465_0.006_100_100	5.76940484891813	41.707110342206796	0.5650513010260205	0.7911558231164624	0.039838635544687424	
False_0.0465_0.007_100_100	5.599409521301403	41.59640952819058	0.5651713034260685	0.7910358207164143	0.03983709642359198	
False_0.0465_0.008_100_100	5.5069340188181775	41.50412228244564	0.5651513030260605	0.7910758215164303	0.039836340846331454	
False_0.0465_0.009_100_100	5.407046401935109	41.419220184403684	0.5648912978259565	0.7910358207164143	0.03983790423944522	
False_0.0465_0.01_100_100	5.3327028154075125	41.346321526430465	0.5648312966259326	0.7910358207164143	0.03983820368296443	
False_0.047_0.005_100_100	5.904600221854825	41.79400028000564	0.5651513030260605	0.7910958219164383	0.03983680722057908	
False_0.047_0.006_100_100	5.763677955388441	41.6837706754135	0.5649512990259805	0.7911958239164784	0.03983856592935411	
False_0.047_0.007_100_100	5.5936826294371	41.57365207304143	0.5649112982259645	0.7910158203164064	0.0398377798080883	
False_0.047_0.008_100_100	5.501207125180006	41.48180183603676	0.5651513030260605	0.7911358227164543	0.039837664526674386	
False_0.047_0.009_100_100	5.40131951012326	41.39730154603089	0.5648312966259326	0.7909358187163743	0.03983878303761715	
False_0.047_0.01_100_100	5.326975923234452	41.32479329586593	0.5647112942258845	0.7910158203164064	0.03983826027811051	
False_0.0475_0.005_100_100	5.899762780562363	41.774317886357764	0.5653713074261485	0.7912958259165184	0.039835623609556906	
False_0.0475_0.006_100_100	5.758840512297671	41.66455309106182	0.5648512970259405	0.7911158223164463	0.03983784047062492	
False_0.0475_0.007_100_100	5.5888451860983706	41.55487649752994	0.5650113002260045	0.7910558211164224	0.03983749667708474	
False_0.0475_0.008_100_100	5.496369682314546	41.4634012680254	0.5650713014260286	0.7909758195163903	0.03983750659411762	
False_0.0475_0.009_100_100	5.396482065637118	41.37922538450771	0.5646512930258605	0.7909958199163983	0.03983813891224452	
False_0.0475_0.01_100_100	5.322138479157801	41.30695973919476	0.5648512970259405	0.7911358227164543	0.03983848337642487	
False_0.048_0.005_100_100	5.881347039047355	41.7471495429908	0.5650713014260286	0.7913758275165503	0.03983381734448843	
False_0.048_0.006_100_100	5.740424773932236	41.638035560711224	0.5651513030260605	0.7913358267165344	0.039836032072226295	
False_0.048_0.007_100_100	5.570429445855947	41.528991979839596	0.5649512990259805	0.7914158283165663	0.03983604061173102	
False_0.048_0.008_100_100	5.477953941853965	41.43802556051117	0.5650113002260045	0.7912758255165103	0.03983652990200145	
