original ==> 0.71868 0.90298

False_0.005_0.01_100_100	6.972362412114591	44.47464259999996	0.71884	0.90274	0.023940140954442322	
False_0.005_0.02_100_100	6.561330814793557	43.31160540000002	0.71884	0.9029	0.0239366448418051	
False_0.005_0.03_100_100	6.296040154696554	42.71822380000004	0.71876	0.90298	0.023933374902196228	
False_0.005_0.04_100_100	6.194380087400526	42.35712259999998	0.71852	0.90304	0.023942513056881727	
False_0.005_0.05_100_100	6.073845825056881	42.07235000000002	0.71866	0.9033	0.02394148927208036	
False_0.005_0.06_100_100	6.011991284007877	41.862385000000025	0.7185	0.90306	0.0239430663375929	
False_0.005_0.07_100_100	5.945078709119409	41.68669939999999	0.71864	0.90306	0.02394482473131269	
False_0.005_0.08_100_100	5.891713969657868	41.534442199999965	0.71876	0.90284	0.023951054549403487	
False_0.005_0.09_100_100	5.840670287983865	41.36279660000002	0.71882	0.9026	0.023941250398121776	
False_0.005_0.1_100_100	5.827993981331438	41.27511120000001	0.71898	0.9025	0.023941484520658852	
False_0.007_0.01_100_100	6.941694985868037	44.42330739999993	0.71884	0.90248	0.023941152398735285	
False_0.007_0.02_100_100	6.530666457156241	43.26685440000007	0.71876	0.90266	0.023937075092457235	
False_0.007_0.03_100_100	6.265307495547831	42.6770184	0.71888	0.90304	0.023931261353977024	
False_0.007_0.04_100_100	6.163712664801181	42.31780339999999	0.7185	0.90298	0.02393801190685481	
False_0.007_0.05_100_100	6.043179868136942	42.03475440000003	0.71852	0.90316	0.02394130076058209	
False_0.007_0.06_100_100	5.981295377666056	41.82583	0.71868	0.90318	0.02394343009840697	
False_0.007_0.07_100_100	5.9144118383196	41.65105419999998	0.71866	0.90308	0.023944006856046616	
False_0.007_0.08_100_100	5.86098577164203	41.49954640000002	0.71854	0.90282	0.023948310476467012	
False_0.007_0.09_100_100	5.810002862829864	41.328839600000045	0.71912	0.90274	0.023942170142121612	
False_0.007_0.1_100_100	5.797298075250685	41.24160939999999	0.7189	0.90278	0.02394144450571388	
False_0.009_0.01_100_100	6.917005662173927	44.37641960000005	0.71856	0.90258	0.023939285314530136	
False_0.009_0.02_100_100	6.505944908176363	43.22621400000002	0.71884	0.90288	0.023939426861815154	
False_0.009_0.03_100_100	6.240618889580071	42.63965959999997	0.71916	0.90302	0.023936736202947794	
False_0.009_0.04_100_100	6.139084598390162	42.28230560000001	0.71866	0.9028	0.023939186496548356	
False_0.009_0.05_100_100	6.018517557686866	42.00088780000003	0.7188	0.90308	0.023941572197936474	
False_0.009_0.06_100_100	5.956634538207352	41.79291380000003	0.71862	0.90326	0.023944642194658517	
False_0.009_0.07_100_100	5.889721963397562	41.6191084	0.71848	0.90302	0.023946237771213054	
False_0.009_0.08_100_100	5.836324933443963	41.46832860000006	0.71866	0.90286	0.023950782135091723	
False_0.009_0.09_100_100	5.785378237676919	41.298648599999964	0.7189	0.90276	0.023943010777421295	
False_0.009_0.1_100_100	5.77269794408828	41.211796400000004	0.7189	0.90264	0.02394114060252905	
False_0.011_0.01_100_100	6.858739135410636	44.316742399999995	0.7183	0.90264	0.023941038504727185	
False_0.011_0.02_100_100	6.447678380546421	43.17504380000006	0.71836	0.90298	0.023939747004248203	
False_0.011_0.03_100_100	6.182352363664359	42.592905799999976	0.71892	0.90268	0.023936763624809683	
False_0.011_0.04_100_100	6.080756815962046	42.23787059999996	0.71852	0.90298	0.02393835769083351	
False_0.011_0.05_100_100	5.960222547048778	41.95863659999999	0.71868	0.90306	0.023943633567765354	
False_0.011_0.06_100_100	5.898368009337634	41.75191759999998	0.71874	0.9034	0.023946312342360616	
False_0.011_0.07_100_100	5.831455434260816	41.579205399999985	0.71854	0.90288	0.023947165295146407	
False_0.011_0.08_100_100	5.778079520485252	41.42946719999999	0.71852	0.90296	0.02395099051423371	
False_0.011_0.09_100_100	5.727047015516013	41.261066999999976	0.71902	0.90282	0.023943274130113424	
False_0.011_0.1_100_100	5.71437070798859	41.17463680000005	0.71906	0.90272	0.023943779021017252	
False_0.013_0.01_100_100	6.81418008742556	44.26378700000001	0.71846	0.90276	0.023941198970451952	
False_0.013_0.02_100_100	6.40311933153078	43.12976919999997	0.71874	0.9029	0.02393771845381707	
False_0.013_0.03_100_100	6.137814426668137	42.5515698	0.71888	0.90282	0.023939046185947953	
False_0.013_0.04_100_100	6.036197766350359	42.19868280000004	0.71852	0.90306	0.02394446393404156	
False_0.013_0.05_100_100	5.915663498719185	41.92140360000005	0.71838	0.90338	0.02394146224204451	
False_0.013_0.06_100_100	5.8538089602504675	41.71582720000005	0.71846	0.90336	0.023946144508719444	
False_0.013_0.07_100_100	5.7868963843755425	41.54422320000003	0.71848	0.9033	0.02394595047671348	
False_0.013_0.08_100_100	5.733499355758876	41.395368800000014	0.71842	0.90314	0.023952780777625738	
False_0.013_0.09_100_100	5.682487964789718	41.22806199999994	0.71922	0.90266	0.023947227791808547	
False_0.013_0.1_100_100	5.669811659975499	41.14213820000002	0.7192	0.90282	0.023947397220917047	
False_0.015_0.01_100_100	6.7939519764946406	44.21504380000007	0.71856	0.90272	0.02394285487122834	
False_0.015_0.02_100_100	6.38289122051999	43.08828119999996	0.71886	0.90288	0.023940555940307678	
False_0.015_0.03_100_100	6.117565200623721	42.5137556	0.71876	0.90274	0.02394128434717655	
False_0.015_0.04_100_100	6.015969655301422	42.16295320000002	0.71868	0.90298	0.023944528440348806	
False_0.015_0.05_100_100	5.895435387614817	41.88736840000003	0.71868	0.90346	0.023944346645064653	
False_0.015_0.06_100_100	5.833580848424882	41.68293640000007	0.71814	0.90292	0.023948919095657765	
False_0.015_0.07_100_100	5.76666827158913	41.51230840000001	0.71832	0.90296	0.02395003003925085	
False_0.015_0.08_100_100	5.713271244869679	41.364356400000055	0.71842	0.90292	0.02395696178752929	
False_0.015_0.09_100_100	5.662289317341298	41.1980582	0.71914	0.9028	0.023948060671389104	
False_0.015_0.1_100_100	5.649583548650592	41.1125358	0.71912	0.90262	0.023951031113751232	
False_0.017_0.01_100_100	6.71152387136206	44.14857860000005	0.71848	0.9028	0.023942179543487728	
False_0.017_0.02_100_100	6.300463117104024	43.03161979999997	0.71866	0.90304	0.023944239244498313	
False_0.017_0.03_100_100	6.035137097726316	42.46226640000002	0.71896	0.90278	0.02394131720673293	
False_0.017_0.04_100_100	5.933541551200599	42.11429780000003	0.71868	0.90296	0.023942012453563512	
False_0.017_0.05_100_100	5.813007283390611	41.84129720000001	0.7184	0.90334	0.023944868067801	
False_0.017_0.06_100_100	5.751203327845186	41.638418999999985	0.71792	0.90314	0.023948145001716912	
False_0.017_0.07_100_100	5.6842401719979945	41.46919859999996	0.718	0.90342	0.02394937807571143	
False_0.017_0.08_100_100	5.6308431428907815	41.32248300000002	0.7184	0.90302	0.023954094756431878	
False_0.017_0.09_100_100	5.57983175238356	41.15772120000001	0.71878	0.90276	0.023948489585630596	
False_0.017_0.1_100_100	5.567155443665833	41.0728404	0.71912	0.90308	0.023952010735608636	
False_0.019_0.01_100_100	6.593515778988451	44.06118900000001	0.71838	0.9026	0.023946550183854998	
False_0.019_0.02_100_100	6.182455024875253	42.95738220000006	0.71876	0.9029	0.023942134127393364	
False_0.019_0.03_100_100	5.917129006083458	42.394883199999974	0.71916	0.9028	0.02393894623916596	
False_0.019_0.04_100_100	5.815533459480256	42.0506804	0.71888	0.90282	0.02394673761446029	
False_0.019_0.05_100_100	5.694999194481224	41.780961800000036	0.71864	0.9031	0.023943884905315935	
False_0.019_0.06_100_100	5.633144654731005	41.58011299999993	0.7183	0.9028	0.023946982154771687	
False_0.019_0.07_100_100	5.566232078070492	41.4128044	0.7183	0.90304	0.02395117902379483	
False_0.019_0.08_100_100	5.5128350494883955	41.26755939999997	0.71836	0.90276	0.023954436417482794	
False_0.019_0.09_100_100	5.461823658588975	41.1048566	0.71898	0.90268	0.02395094303905964	
False_0.019_0.1_100_100	5.449147352649421	41.02077980000003	0.71868	0.9028	0.023950309769175948	
False_0.021_0.01_100_100	6.469879615809471	43.96583739999999	0.71832	0.90224	0.023946876483596863	
False_0.021_0.02_100_100	6.058818859079033	42.876573599999986	0.71844	0.90266	0.02394012089341879	
False_0.021_0.03_100_100	5.793517734057456	42.32139919999996	0.71832	0.90262	0.02394108178563416	
False_0.021_0.04_100_100	5.6918972951073945	41.98128960000001	0.71872	0.90262	0.023948911882154644	
False_0.021_0.05_100_100	5.571363026235849	41.71517540000003	0.71832	0.9028	0.023948252844773234	
False_0.021_0.06_100_100	5.5095084901352225	41.51653720000001	0.7183	0.90262	0.02395164016086608	
False_0.021_0.07_100_100	5.4425959156449135	41.351271999999994	0.71868	0.9027	0.023953238577805458	
False_0.021_0.08_100_100	5.3891988852526245	41.20781359999997	0.71822	0.90268	0.023955143108330666	
False_0.021_0.09_100_100	5.338187495026737	41.04721919999998	0.71862	0.90272	0.02395290522839874	
False_0.021_0.1_100_100	5.325511187240035	40.96401260000002	0.71844	0.90272	0.023953044636696577	
False_0.023_0.01_100_100	6.2978968364615735	43.848720799999924	0.7181	0.90254	0.023949565385989843	
False_0.023_0.02_100_100	5.8868360829044875	42.777565200000005	0.71838	0.90258	0.023947487971298396	
False_0.023_0.03_100_100	5.621510062062293	42.23144379999994	0.7187	0.90252	0.023946995660588145	
False_0.023_0.04_100_100	5.519914515227228	41.89645639999998	0.71862	0.9029	0.0239528741523996	
False_0.023_0.05_100_100	5.399380248696953	41.63472540000002	0.7185	0.90268	0.023955255144052206	
False_0.023_0.06_100_100	5.3375257110627	41.43888620000003	0.71806	0.90248	0.023953944961093366	
False_0.023_0.07_100_100	5.2706131341172755	41.276144599999995	0.71808	0.90278	0.02396107841476798	
False_0.023_0.08_100_100	5.217216104052812	41.134801399999986	0.71836	0.90238	0.023960621516816317	
False_0.023_0.09_100_100	5.166204714856296	40.9768754	0.71818	0.9028	0.023958415529727935	
False_0.023_0.1_100_100	5.1535284098137915	40.89473460000002	0.71862	0.90304	0.023959046760834754	
False_0.025_0.01_100_100	6.161452868751437	43.76528079999991	0.71736	0.90256	0.02395636012841016	
False_0.025_0.02_100_100	5.750392115052492	42.70674899999999	0.71802	0.90254	0.023954098008647562	
False_0.025_0.03_100_100	5.485066095526367	42.16699919999999	0.71866	0.9028	0.023954007095247507	
False_0.025_0.04_100_100	5.38347054888919	41.83550820000003	0.71856	0.9029	0.023960263654105366	
False_0.025_0.05_100_100	5.262936280666739	41.576890600000006	0.71786	0.90276	0.02396477790016681	
False_0.025_0.06_100_100	5.201081742602736	41.38306780000007	0.71744	0.90282	0.023963798067830503	
False_0.025_0.07_100_100	5.134169167588502	41.22214240000004	0.71786	0.90246	0.023969338061958553	
False_0.025_0.08_100_100	5.080772137254626	41.0823532	0.71832	0.90256	0.023971029119081794	
False_0.025_0.09_100_100	5.029760747301132	40.92629539999998	0.71852	0.90276	0.023963962076976895	
False_0.025_0.1_100_100	5.017084441063553	40.844986000000006	0.7188	0.90292	0.023964335628785194	
False_0.027_0.01_100_100	6.031734723116308	43.68156599999996	0.71794	0.90216	0.023967511359155178	
False_0.027_0.02_100_100	5.620673968530446	42.63584759999999	0.71818	0.90234	0.023962666304670276	
False_0.027_0.03_100_100	5.355347950323373	42.10239500000001	0.71834	0.90242	0.02396335912697017	
False_0.027_0.04_100_100	5.253752402243763	41.77449019999997	0.71832	0.9026	0.02396951801992953	
False_0.027_0.05_100_100	5.133218134557754	41.51892979999995	0.71782	0.90282	0.02397414928447455	
False_0.027_0.06_100_100	5.071363596923501	41.327127200000014	0.71726	0.90246	0.02397332837302238	
False_0.027_0.07_100_100	5.004451021891385	41.16799559999998	0.71762	0.9024	0.023976300257779658	
False_0.027_0.08_100_100	4.95105399230972	41.02972519999997	0.71802	0.90258	0.023978785248212516	
False_0.027_0.09_100_100	4.900042601623684	40.875491199999914	0.7185	0.90274	0.0239742084633559	
False_0.027_0.1_100_100	4.887366295083314	40.794950199999946	0.71852	0.90286	0.023973306384831666	
False_0.029_0.01_100_100	5.903039052015692	43.60500240000002	0.71792	0.90232	0.023977044660188258	
False_0.029_0.02_100_100	5.491978295881897	42.571042600000006	0.71804	0.90264	0.023975231956206263	
False_0.029_0.03_100_100	5.226652277151495	42.04325880000001	0.71856	0.9021	0.023977410608641805	
False_0.029_0.04_100_100	5.125056731441766	41.71872619999992	0.71812	0.9024	0.023978722250387073	
False_0.029_0.05_100_100	5.004522463210971	41.46584500000001	0.71784	0.90272	0.023980867190621792	
False_0.029_0.06_100_100	4.942667924882323	41.275882199999955	0.71748	0.90274	0.023983041051626207	
False_0.029_0.07_100_100	4.875755350135714	41.118436400000036	0.7178	0.90258	0.023985413736887277	
False_0.029_0.08_100_100	4.822358320182711	40.98153340000001	0.71776	0.90266	0.023991043024659157	
False_0.029_0.09_100_100	4.771346931131631	40.82894039999999	0.71854	0.90258	0.023984864631555976	
False_0.029_0.1_100_100	4.758670623440295	40.74909280000004	0.71832	0.90264	0.023985488154776396	
False_0.031_0.01_100_100	5.841366407724768	43.5554922	0.71798	0.9022	0.02398051922902465	
False_0.031_0.02_100_100	5.430305652845055	42.52872839999998	0.71834	0.90236	0.023975522147156297	
False_0.031_0.03_100_100	5.164979634809047	42.004575599999974	0.71838	0.90246	0.02397873366560787	
False_0.031_0.04_100_100	5.06338408822909	41.68203799999999	0.7179	0.90254	0.02398328686449677	
False_0.031_0.05_100_100	4.9428498202450575	41.431027600000036	0.71794	0.90252	0.023981633796691895	
False_0.031_0.06_100_100	4.880995282364637	41.24224099999994	0.71754	0.90274	0.02398487436119467	
False_0.031_0.07_100_100	4.814082706787735	41.0858718	0.71764	0.90248	0.02398830148089677	
False_0.031_0.08_100_100	4.760685677752048	40.949920200000015	0.71808	0.9024	0.023990771519728005	
False_0.031_0.09_100_100	4.709674287655503	40.79839399999998	0.71826	0.90276	0.023988832338042557	
False_0.031_0.1_100_100	4.696997980520874	40.71902879999992	0.71848	0.90268	0.02398917739070952	
False_0.033_0.01_100_100	5.8199904959602655	43.52643600000004	0.71804	0.90244	0.023982508911974728	
False_0.033_0.02_100_100	5.408929741491824	42.50399339999998	0.71778	0.90252	0.023976495841518043	
False_0.033_0.03_100_100	5.143603722659498	41.98191919999995	0.71802	0.90242	0.02397912054423243	
False_0.033_0.04_100_100	5.0420081764437255	41.66064960000005	0.71766	0.90268	0.023983992128558458	
False_0.033_0.05_100_100	4.921473910175711	41.41061660000005	0.71784	0.90272	0.02398366131514311	
False_0.033_0.06_100_100	4.859619372717887	41.22252040000006	0.7173	0.90276	0.02398699587225914	
False_0.033_0.07_100_100	4.79270679501906	41.066737999999965	0.7176	0.90258	0.023986655157618223	
False_0.033_0.08_100_100	4.739309766392261	40.93136579999998	0.71778	0.90262	0.02399265222404152	
False_0.033_0.09_100_100	4.688298375036865	40.78040199999999	0.71854	0.90296	0.023990564884357156	
False_0.033_0.1_100_100	4.675622069352418	40.701326800000025	0.71838	0.90268	0.023992190462648867	
False_0.035_0.01_100_100	5.789583315377384	43.491751400000005	0.7179	0.90224	0.023981250958032906	
False_0.035_0.02_100_100	5.3785225610221925	42.474666799999994	0.7176	0.9023	0.023978835514448585	
False_0.035_0.03_100_100	5.11319654077366	41.95513120000002	0.71792	0.90262	0.023980933134295047	
False_0.035_0.04_100_100	5.011600993463546	41.63526419999997	0.71796	0.90262	0.023985515793524682	
False_0.035_0.05_100_100	4.891066727941781	41.38645259999999	0.7177	0.9025	0.023984894429706038	
False_0.035_0.06_100_100	4.829212190067917	41.19918720000004	0.7173	0.90272	0.023987448551245034	
False_0.035_0.07_100_100	4.762299615121633	41.04410499999995	0.7175	0.90264	0.023991181345023215	
False_0.035_0.08_100_100	4.708902584440857	40.90925599999997	0.718	0.90256	0.023994248819835483	
False_0.035_0.09_100_100	4.657891193553954	40.75907359999999	0.71802	0.90262	0.023987944705560805	
False_0.035_0.1_100_100	4.645214887923151	40.680297400000036	0.71814	0.90258	0.023991467814482748	
False_0.037_0.01_100_100	5.764840056671649	43.45178980000004	0.71766	0.90246	0.023984344615377486	
False_0.037_0.02_100_100	5.35377929953888	42.44066660000003	0.71764	0.90258	0.02397910611152649	
False_0.037_0.03_100_100	5.088453282741457	41.92402919999999	0.71802	0.90254	0.023979977573119104	
False_0.037_0.04_100_100	4.986857736122161	41.605845200000026	0.71776	0.90258	0.023987280711196362	
False_0.037_0.05_100_100	4.866323470660597	41.35844540000002	0.71802	0.9027	0.023984261942096054	
False_0.037_0.06_100_100	4.804468930921107	41.17213039999999	0.71756	0.90256	0.02399014555245638	
False_0.037_0.07_100_100	4.7375563551129405	41.01786740000003	0.71794	0.90276	0.02399583527047187	
False_0.037_0.08_100_100	4.684159324993044	40.88378220000002	0.71746	0.9027	0.023997469960190355	
False_0.037_0.09_100_100	4.6331479347057645	40.7344458	0.71812	0.90276	0.02399134547058493	
False_0.037_0.1_100_100	4.620471628301293	40.656041000000016	0.71806	0.90242	0.023991811769790948	
False_0.039_0.01_100_100	5.729987807630449	43.39349219999993	0.71754	0.9022	0.023982898669801654	
False_0.039_0.02_100_100	5.318927053845674	42.3911546	0.71824	0.90246	0.023983404867500068	
False_0.039_0.03_100_100	5.053601033893377	41.878674800000006	0.71798	0.90258	0.023988941365741194	
False_0.039_0.04_100_100	4.952005486564786	41.56291719999997	0.71802	0.90254	0.02399028443198651	
False_0.039_0.05_100_100	4.831471221068054	41.31753	0.71774	0.90278	0.02399095808148384	
False_0.039_0.06_100_100	4.769616683722884	41.13258680000003	0.71776	0.90256	0.023991066011823714	
False_0.039_0.07_100_100	4.702704108807594	40.979582400000005	0.71798	0.90264	0.023994696293510497	
False_0.039_0.08_100_100	4.6493070776708425	40.84650880000003	0.71784	0.9025	0.024000352403633296	
False_0.039_0.09_100_100	4.5982956879676875	40.698469799999984	0.7182	0.90278	0.023994446384608747	
False_0.039_0.1_100_100	4.585619381447583	40.620634599999995	0.7185	0.90266	0.023992415001429616	
False_0.041_0.01_100_100	5.7126976776833835	43.34915119999998	0.7174	0.90222	0.02398732811015099	
False_0.041_0.02_100_100	5.301636923596412	42.353834399999975	0.71796	0.90272	0.023988286731652916	
False_0.041_0.03_100_100	5.03631090729013	41.84465759999998	0.71802	0.90238	0.02399136783529073	
False_0.041_0.04_100_100	4.934715357195288	41.5307486	0.71756	0.90252	0.023993510967232286	
False_0.041_0.05_100_100	4.814181090036183	41.28679579999996	0.71764	0.90282	0.023992626488991083	
False_0.041_0.06_100_100	4.752326552032382	41.10290099999999	0.7176	0.9027	0.023993828999847172	
False_0.041_0.07_100_100	4.685413975315243	40.95080480000005	0.71768	0.9027	0.02399730691950768	
False_0.041_0.08_100_100	4.632016947665959	40.8184976	0.71784	0.90226	0.02400289279617369	
False_0.041_0.09_100_100	4.581005556542427	40.67132719999997	0.71834	0.90256	0.023999298598729076	
False_0.041_0.1_100_100	4.5683292510791125	40.593902400000054	0.71824	0.90234	0.023998825677521526	
False_0.043_0.01_100_100	5.660430879435689	43.281480800000026	0.71796	0.90234	0.023991592781692744	
False_0.043_0.02_100_100	5.249370122342259	42.296210199999976	0.71824	0.90232	0.02399016132328659	
False_0.043_0.03_100_100	4.984044103409201	41.791914599999984	0.71808	0.9026	0.023991361725740134	
False_0.043_0.04_100_100	4.882448559385091	41.48076620000003	0.71784	0.90246	0.023998475235402585	
False_0.043_0.05_100_100	4.761914291888624	41.23919800000004	0.7179	0.90272	0.0239956818619743	
False_0.043_0.06_100_100	4.700059753053933	41.05690359999998	0.71762	0.90264	0.023997330491095783	
False_0.043_0.07_100_100	4.633147178360373	40.906215400000036	0.71766	0.90252	0.02400274459786713	
False_0.043_0.08_100_100	4.579750148118883	40.775124800000015	0.71838	0.90228	0.024005958525724708	
False_0.043_0.09_100_100	4.528738757219464	40.629302599999995	0.7185	0.9022	0.02400337172176689	
False_0.043_0.1_100_100	4.516062451503426	40.55253720000001	0.71858	0.90202	0.02400253209374845	
False_0.045_0.01_100_100	5.620680178315789	43.231542399999974	0.7175	0.90254	0.02399686234343797	
False_0.045_0.02_100_100	5.209619423967749	42.25410820000003	0.71782	0.90264	0.023995425538755954	
False_0.045_0.03_100_100	4.94429340478316	41.75337020000002	0.7175	0.90246	0.023996506013385953	
False_0.045_0.04_100_100	4.842697860055119	41.44434819999996	0.71728	0.90268	0.024001742840707302	
False_0.045_0.05_100_100	4.722163590232879	41.20444939999999	0.71772	0.90258	0.024000931624658405	
False_0.045_0.06_100_100	4.660309053932577	41.0233148	0.71748	0.90274	0.024001838714145123	
False_0.045_0.07_100_100	4.593396477502138	40.87363699999998	0.71768	0.90252	0.024005551918148994	
False_0.045_0.08_100_100	4.539999448012263	40.7434138	0.71798	0.90256	0.024008897489644587	
False_0.045_0.09_100_100	4.488988057255894	40.59865979999999	0.71816	0.90234	0.024008008591718973	
False_0.045_0.1_100_100	4.476311751857549	40.52230579999999	0.7182	0.90226	0.024006954713352024	
False_0.047_0.01_100_100	5.584564133322686	43.181828799999955	0.71758	0.90222	0.024002306242398918	
False_0.047_0.02_100_100	5.173503377881497	42.211656399999995	0.71792	0.90272	0.02399773639515042	
False_0.047_0.03_100_100	4.9081773591415585	41.71435720000004	0.71788	0.9025	0.023998559813983737	
False_0.047_0.04_100_100	4.806581812509149	41.40738379999997	0.71778	0.90262	0.02400350537337363	
False_0.047_0.05_100_100	4.686047546533794	41.16916839999998	0.71772	0.9027	0.024002513920515774	
False_0.047_0.06_100_100	4.624193008184284	40.98923120000003	0.71724	0.90264	0.024004589790813626	
False_0.047_0.07_100_100	4.557280433954448	40.840503799999986	0.71744	0.90278	0.024005806412138044	
False_0.047_0.08_100_100	4.503883403706402	40.7111806	0.71772	0.9028	0.024012657991424203	
False_0.047_0.09_100_100	4.452872012304515	40.56743679999997	0.71772	0.90258	0.024008009368591012	
False_0.047_0.1_100_100	4.44019570557341	40.491569600000005	0.71808	0.90238	0.024007244037948548	
False_0.049_0.01_100_100	5.551997412240654	43.13723140000002	0.71786	0.90234	0.023998383119292557	
False_0.049_0.02_100_100	5.140936658002287	42.17329620000004	0.71774	0.90244	0.023996052346751093	
False_0.049_0.03_100_100	4.875610638510734	41.679139999999975	0.718	0.9021	0.02399855743288994	
False_0.049_0.04_100_100	4.774015092428476	41.37392660000004	0.71794	0.90228	0.024003719103224574	
False_0.049_0.05_100_100	4.653480823368579	41.13722020000001	0.71816	0.90262	0.024004593742229043	
False_0.049_0.06_100_100	4.591626286626012	40.95828619999999	0.71748	0.90276	0.024004060436971484	
False_0.049_0.07_100_100	4.524713710532933	40.810554200000006	0.71762	0.9027	0.024007271349243818	
False_0.049_0.08_100_100	4.471316681360156	40.681975	0.7178	0.9024	0.024011757416948675	
False_0.049_0.09_100_100	4.420305291315466	40.53922220000005	0.71776	0.90224	0.024009537410773336	
False_0.049_0.1_100_100	4.407628985603004	40.46378280000003	0.71776	0.90218	0.02400818141080439	
False_0.051_0.01_100_100	5.509273404666632	43.081550200000024	0.71738	0.90248	0.024000407468117775	
False_0.051_0.02_100_100	5.098212649873942	42.12616959999999	0.71802	0.90254	0.023998501335047186	
False_0.051_0.03_100_100	4.832886631243676	41.63600059999996	0.71796	0.90236	0.024002011263258755	
False_0.051_0.04_100_100	4.731291084536165	41.333084399999905	0.71802	0.90248	0.024005204137451948	
False_0.051_0.05_100_100	4.610756816853136	41.09824380000002	0.71768	0.9026	0.024003427879214286	
False_0.051_0.06_100_100	4.548902278916091	40.920611400000006	0.71798	0.90258	0.02400363046810031	
False_0.051_0.07_100_100	4.481989703891128	40.773990000000055	0.71798	0.9028	0.024010331957899034	
False_0.051_0.08_100_100	4.428592674485892	40.646371400000056	0.71844	0.90252	0.024015218354836106	
False_0.051_0.09_100_100	4.3775812843941155	40.504685800000054	0.71764	0.90232	0.024012922155894338	
False_0.051_0.1_100_100	4.364904978123159	40.429745799999985	0.71776	0.90232	0.02401367202896625	
False_0.053_0.01_100_100	5.471919066930265	43.02335099999997	0.71752	0.90246	0.023998053157106042	
False_0.053_0.02_100_100	5.060858313950151	42.076750199999985	0.71798	0.9025	0.02400027223646641	
False_0.053_0.03_100_100	4.795532294558138	41.59051000000001	0.71786	0.90268	0.024006169375963508	
False_0.053_0.04_100_100	4.693936746494621	41.29001439999994	0.71782	0.90264	0.024007207660116256	
False_0.053_0.05_100_100	4.573402478210181	41.05705800000001	0.71736	0.9028	0.024006770195290447	
False_0.053_0.06_100_100	4.511547941068262	40.88079440000002	0.71736	0.90272	0.024006248291283845	
False_0.053_0.07_100_100	4.444635367709846	40.735313000000005	0.7175	0.90254	0.024009405717663468	
False_0.053_0.08_100_100	4.3912383360897005	40.608716400000056	0.71774	0.90244	0.02401418428208679	
False_0.053_0.09_100_100	4.340226945805401	40.46818759999999	0.71764	0.90252	0.024014653983451425	
False_0.053_0.1_100_100	4.3275506391547625	40.393836600000036	0.7178	0.9026	0.02401537515770644	
False_0.055_0.01_100_100	5.4292126426394285	42.967528599999994	0.7178	0.90206	0.02400437585823238	
False_0.055_0.02_100_100	5.018151888539344	42.029275599999984	0.7182	0.90212	0.024000003575868904	
False_0.055_0.03_100_100	4.752825870158225	41.54701879999998	0.71766	0.90218	0.024009083884842693	
False_0.055_0.04_100_100	4.6512303215678035	41.2487446	0.71792	0.90252	0.024011433219239115	
False_0.055_0.05_100_100	4.53069605500713	41.01760680000002	0.71784	0.90262	0.02400969371046871	
False_0.055_0.06_100_100	4.468841518446356	40.8426548	0.71752	0.90236	0.024009268592707814	
False_0.055_0.07_100_100	4.401928942896872	40.69829200000006	0.71784	0.9024	0.024013858646042646	
False_0.055_0.08_100_100	4.348531912511736	40.572623799999946	0.71778	0.9027	0.024021478681229055	
False_0.055_0.09_100_100	4.2975205213584005	40.433177000000065	0.71718	0.90258	0.024018738022968174	
False_0.055_0.1_100_100	4.284844216709882	40.359318000000016	0.71732	0.90238	0.02402014251511544	
False_0.057_0.01_100_100	5.4019994695656	42.927025599999965	0.71786	0.90232	0.024005445132292805	
False_0.057_0.02_100_100	4.990938714812249	41.994672600000065	0.71766	0.9025	0.02400044118016958	
False_0.057_0.03_100_100	4.725612694359869	41.51524559999999	0.71774	0.90232	0.024006493619717656	
False_0.057_0.04_100_100	4.624017147193998	41.2185608	0.71802	0.90248	0.024009749805033207	
False_0.057_0.05_100_100	4.50348287888512	40.988684	0.71734	0.90268	0.024011347821243107	
False_0.057_0.06_100_100	4.4416283421252665	40.81464519999999	0.7173	0.90274	0.024007395881079138	
False_0.057_0.07_100_100	4.374715766365975	40.67109179999999	0.71718	0.90256	0.024015774581581353	
False_0.057_0.08_100_100	4.3213187379620965	40.5461436	0.71726	0.9028	0.024021562277674675	
False_0.057_0.09_100_100	4.2703073470567166	40.40754	0.71744	0.9029	0.024017059969641267	
False_0.057_0.1_100_100	4.257631041591019	40.33403680000004	0.71744	0.90274	0.024021088133864103	
False_0.059_0.01_100_100	5.36926573072508	42.87119480000005	0.71764	0.90252	0.024014608519636094	
False_0.059_0.02_100_100	4.958204977135807	41.946648999999994	0.71742	0.90296	0.02401070549134165	
False_0.059_0.03_100_100	4.692878958101422	41.47094920000002	0.71742	0.90284	0.02401613447692245	
False_0.059_0.04_100_100	4.591283410580307	41.176495400000064	0.71726	0.90254	0.024020042859874666	
False_0.059_0.05_100_100	4.470749144957811	40.94851720000005	0.71754	0.9028	0.024020280176401138	
False_0.059_0.06_100_100	4.408894605885297	40.77573079999997	0.7171	0.90272	0.0240235008072108	
False_0.059_0.07_100_100	4.341982030301839	40.63327659999998	0.71704	0.90272	0.02402890394434333	
False_0.059_0.08_100_100	4.2885850002129375	40.509318600000014	0.71718	0.90284	0.024029348513484	
False_0.059_0.09_100_100	4.237573609802276	40.371745400000016	0.71756	0.90266	0.024027822808101774	
False_0.059_0.1_100_100	4.224897304803282	40.298754599999995	0.7172	0.9025	0.024028855403773485	
False_0.061_0.01_100_100	5.335871675397903	42.82624579999998	0.71746	0.90252	0.024014064111635088	
False_0.061_0.02_100_100	4.924810922125727	41.90827899999997	0.71756	0.90274	0.024007542277909816	
False_0.061_0.03_100_100	4.659484901442677	41.43564480000001	0.7174	0.90238	0.024014694444052874	
False_0.061_0.04_100_100	4.55788935460642	41.14297460000002	0.71754	0.90236	0.024017826709151268	
False_0.061_0.05_100_100	4.437355087549835	40.91642519999998	0.71772	0.90266	0.024020945431776346	
False_0.061_0.06_100_100	4.375500550500304	40.74462300000005	0.71696	0.90262	0.02402012475822121	
False_0.061_0.07_100_100	4.308587974831015	40.6030964	0.71706	0.90252	0.0240260104110837	
False_0.061_0.08_100_100	4.25519094492808	40.47986480000001	0.71716	0.90274	0.02402585662547499	
False_0.061_0.09_100_100	4.204179554332644	40.343205200000035	0.71712	0.90254	0.02402976527195424	
False_0.061_0.1_100_100	4.1915032485021655	40.270608200000005	0.7169	0.90234	0.024029605242908002	
False_0.063_0.01_100_100	5.298501238301843	42.78076180000005	0.71732	0.90236	0.02401668948657811	
False_0.063_0.02_100_100	4.887440483984202	41.86962379999999	0.7175	0.90254	0.02401284548521042	
False_0.063_0.03_100_100	4.622114465706796	41.4000816	0.7175	0.90236	0.024016518705487253	
False_0.063_0.04_100_100	4.520518917459697	41.10926119999997	0.7172	0.90254	0.024019840753600002	
False_0.063_0.05_100_100	4.399984649618715	40.88414339999998	0.71746	0.90264	0.024021843549609186	
False_0.063_0.06_100_100	4.33813011229083	40.71340159999996	0.71732	0.90234	0.02402172737583518	
False_0.063_0.07_100_100	4.2712175371937455	40.572720799999985	0.71758	0.90272	0.02402810039434582	
False_0.063_0.08_100_100	4.217820507765263	40.45025	0.7174	0.9028	0.024028161978311837	
False_0.063_0.09_100_100	4.1668091164754335	40.314460600000004	0.71696	0.90254	0.024028586817719043	
False_0.063_0.1_100_100	4.154132810578793	40.24228819999998	0.71718	0.90246	0.024029446604661643	
False_0.065_0.01_100_100	5.253656079978198	42.72383579999998	0.71748	0.90204	0.024017493315674366	
False_0.065_0.02_100_100	4.842595323636383	41.820352799999974	0.7172	0.9021	0.024016929479427636	
False_0.065_0.03_100_100	4.5772693057994545	41.354627000000036	0.71726	0.90192	0.02401842660266906	
False_0.065_0.04_100_100	4.475673760416359	41.06595940000001	0.71742	0.90216	0.02402303251553327	
False_0.065_0.05_100_100	4.3551394928400216	40.84259999999996	0.71724	0.90216	0.02402469773840159	
False_0.065_0.06_100_100	4.293284954941123	40.673165000000004	0.71668	0.90218	0.024026203938387336	
False_0.065_0.07_100_100	4.226372379059643	40.53362659999999	0.7172	0.9022	0.024031692668907343	
False_0.065_0.08_100_100	4.172975348843187	40.41213939999999	0.71702	0.90224	0.024037065810635687	
False_0.065_0.09_100_100	4.121963958356828	40.27748939999995	0.71712	0.90232	0.024029138495288788	
False_0.065_0.1_100_100	4.109287653169781	40.20586099999999	0.71682	0.90216	0.024030900420807303	
False_0.067_0.01_100_100	5.218780304189175	42.681001199999905	0.71722	0.90212	0.02402571736626327	
False_0.067_0.02_100_100	4.807719549829811	41.78387399999998	0.7174	0.90222	0.024022156440913676	
False_0.067_0.03_100_100	4.542393530400842	41.32105139999995	0.7175	0.90246	0.024020729345344008	
False_0.067_0.04_100_100	4.440797984641641	41.03411800000004	0.71714	0.90222	0.024029150010570884	
False_0.067_0.05_100_100	4.3202637174497545	40.812133200000005	0.71726	0.9024	0.0240335248914361	
False_0.067_0.06_100_100	4.258409178677648	40.643605800000046	0.71676	0.90274	0.024029767674021422	
False_0.067_0.07_100_100	4.19149660265252	40.504910200000026	0.71674	0.9022	0.02403621806744486	
False_0.067_0.08_100_100	4.1380995742826165	40.38412999999995	0.7169	0.9023	0.024041975517757237	
False_0.067_0.09_100_100	4.0870881828098	40.25027560000003	0.71684	0.90218	0.02403614525742829	
False_0.067_0.1_100_100	4.074411877488643	40.17902119999999	0.71682	0.90218	0.024038477289490403	
False_0.069_0.01_100_100	5.193724045115561	42.639717600000004	0.7171	0.90206	0.024029944646097718	
False_0.069_0.02_100_100	4.782663291387409	41.74812119999996	0.71716	0.90216	0.024027789572365583	
False_0.069_0.03_100_100	4.517337272094637	41.28794760000003	0.717	0.90224	0.02403012595694512	
False_0.069_0.04_100_100	4.415741726079136	41.00255819999998	0.71672	0.9022	0.024037878278493883	
False_0.069_0.05_100_100	4.295207457103282	40.781909800000044	0.7168	0.9023	0.024037654711827637	
False_0.069_0.06_100_100	4.233352919214517	40.61429839999998	0.71654	0.90232	0.024037912782542407	
False_0.069_0.07_100_100	4.166440343843251	40.476438000000044	0.71668	0.90244	0.02404274314235896	
False_0.069_0.08_100_100	4.113043315243274	40.35632319999995	0.71654	0.90228	0.024050199138708414	
False_0.069_0.09_100_100	4.0620319239060585	40.22332080000003	0.7168	0.90242	0.024043736055009066	
False_0.069_0.1_100_100	4.049355619163662	40.15243660000004	0.7169	0.90226	0.024043821211792528	
False_0.071_0.01_100_100	5.1790725017656385	42.60997059999999	0.71674	0.90192	0.024029733776673674	
False_0.071_0.02_100_100	4.768011747589856	41.72264079999997	0.71702	0.90236	0.024026754734441637	
False_0.071_0.03_100_100	4.502685727948397	41.26441560000001	0.71718	0.90262	0.0240305209755525	
False_0.071_0.04_100_100	4.401090181310624	40.98017960000001	0.71714	0.9023	0.024035904713720083	
False_0.071_0.05_100_100	4.280555914751142	40.76045360000003	0.71684	0.90244	0.024037817074768247	
False_0.071_0.06_100_100	4.218701375008076	40.59352720000003	0.71684	0.90212	0.02403830015067011	
False_0.071_0.07_100_100	4.151788801990598	40.45624419999998	0.71698	0.9027	0.02404385324727744	
False_0.071_0.08_100_100	4.098391772186607	40.33663960000001	0.7168	0.90234	0.0240497682017833	
False_0.071_0.09_100_100	4.047380379601866	40.20413239999999	0.71708	0.90274	0.024048450044579804	
False_0.071_0.1_100_100	4.034704075417966	40.13355399999997	0.7172	0.90244	0.02404780319277197	
False_0.073_0.01_100_100	5.167089393325895	42.579767600000025	0.71696	0.90176	0.024028628821223974	
False_0.073_0.02_100_100	4.756028637111634	41.69692359999999	0.71708	0.90208	0.02403110307443887	
False_0.073_0.03_100_100	4.490702619257123	41.24080719999997	0.71698	0.90282	0.024031853282414375	
False_0.073_0.04_100_100	4.389107073460966	40.95775119999994	0.71672	0.90234	0.02403700131651014	
False_0.073_0.05_100_100	4.268572806157619	40.73894159999999	0.71636	0.90234	0.024038425591662527	
False_0.073_0.06_100_100	4.206718268642574	40.572638399999995	0.71684	0.9023	0.024043023867569863	
False_0.073_0.07_100_100	4.139805694512874	40.4359148	0.71704	0.9026	0.024047482289373874	
False_0.073_0.08_100_100	4.086408664356023	40.31679379999999	0.71638	0.90258	0.024051246242411433	
False_0.073_0.09_100_100	4.035397272692173	40.184902599999944	0.7164	0.9026	0.024048909850008786	
False_0.073_0.1_100_100	4.022720966065079	40.114540399999996	0.71666	0.90248	0.024047983968667686	
False_0.075_0.01_100_100	5.148609590864926	42.54289200000006	0.71696	0.902	0.024032099618427456	
False_0.075_0.02_100_100	4.73754883625105	41.66524960000005	0.7173	0.90214	0.024030952396653593	
False_0.075_0.03_100_100	4.47222281784907	41.211574399999975	0.7168	0.90256	0.024033223684951664	
False_0.075_0.04_100_100	4.370627269015461	40.929964200000015	0.71678	0.90236	0.024039118114151062	
False_0.075_0.05_100_100	4.250093003378957	40.71229380000002	0.71658	0.90256	0.02403997616380453	
False_0.075_0.06_100_100	4.18823846595034	40.54682519999996	0.71666	0.90236	0.024042206305228173	
False_0.075_0.07_100_100	4.121325890334695	40.4107958	0.71696	0.90264	0.024047302572242916	
False_0.075_0.08_100_100	4.067928860962838	40.29227379999996	0.71642	0.90246	0.024053789128921928	
False_0.075_0.09_100_100	4.016917470263988	40.16105260000003	0.7167	0.90238	0.024049992999471723	
False_0.075_0.1_100_100	4.004241164614707	40.09106839999998	0.71658	0.90246	0.024051108075492083	
False_0.077_0.01_100_100	5.108690282793194	42.48545100000001	0.71658	0.90186	0.024044902692623438	
False_0.077_0.02_100_100	4.697629527787715	41.61583079999997	0.71662	0.90188	0.024039854862876235	
False_0.077_0.03_100_100	4.432303509539217	41.165888800000005	0.71668	0.90222	0.02403992521777749	
False_0.077_0.04_100_100	4.33070796211645	40.886423599999986	0.71652	0.90202	0.024047488871477545	
False_0.077_0.05_100_100	4.210173695352823	40.670585200000026	0.7166	0.90234	0.024049731535986066	
False_0.077_0.06_100_100	4.148319159493595	40.50640679999996	0.71664	0.90224	0.02404984300587326	
False_0.077_0.07_100_100	4.0814065829624235	40.371458800000006	0.71652	0.90268	0.024057469913586975	
False_0.077_0.08_100_100	4.028009552899748	40.253892200000024	0.71638	0.90226	0.024059225376658142	
False_0.077_0.09_100_100	3.9769981634481253	40.12379720000001	0.71644	0.90228	0.024058977621756496	
False_0.077_0.1_100_100	3.9643218572224677	40.054272000000005	0.71638	0.90226	0.024061520506627857	
False_0.079_0.01_100_100	5.094788850768953	42.45617759999998	0.7162	0.90208	0.02404614198733121	
False_0.079_0.02_100_100	4.683728096595556	41.59051700000005	0.71604	0.90232	0.02404078614786267	
False_0.079_0.03_100_100	4.4184020756159725	41.142472999999995	0.71654	0.9022	0.024041065952852367	
False_0.079_0.04_100_100	4.316806529947966	40.864104000000005	0.71664	0.90208	0.024051179534606636	
False_0.079_0.05_100_100	4.196272261859328	40.64919060000002	0.71668	0.9025	0.024052036765106023	
False_0.079_0.06_100_100	4.134417726200968	40.485596599999965	0.71612	0.90236	0.024057095973566176	
False_0.079_0.07_100_100	4.067505149774701	40.35125080000002	0.71632	0.90256	0.02406082003887743	
False_0.079_0.08_100_100	4.014108120269328	40.234178999999976	0.7165	0.90252	0.02406133416775614	
False_0.079_0.09_100_100	3.9630967303271594	40.10459640000005	0.71614	0.90244	0.02406120818082243	
False_0.079_0.1_100_100	3.950420423732549	40.03535239999997	0.71662	0.90246	0.024062495970763265	
False_0.081_0.01_100_100	5.079556400825232	42.423151000000004	0.7162	0.90164	0.024048810778558253	
False_0.081_0.02_100_100	4.668495647270531	41.56248679999998	0.71648	0.9017	0.024044332582056523	
False_0.081_0.03_100_100	4.403169628138691	41.116699599999954	0.71666	0.90192	0.024042329462058844	
False_0.081_0.04_100_100	4.3015740811719	40.83967020000001	0.71632	0.90188	0.024051361721493303	
False_0.081_0.05_100_100	4.181039813871235	40.62571319999998	0.7161	0.90228	0.02405571553505957	
False_0.081_0.06_100_100	4.119185276215523	40.46283040000005	0.71608	0.90216	0.024060024226233365	
False_0.081_0.07_100_100	4.052272702143044	40.329088000000084	0.71636	0.90234	0.024064451875798403	
False_0.081_0.08_100_100	3.998875671185106	40.21255839999999	0.71666	0.9021	0.024064397230036557	
False_0.081_0.09_100_100	3.9478642808757725	40.0835428	0.71612	0.9019	0.02406385076634586	
False_0.081_0.1_100_100	3.935187973471135	40.01455379999996	0.71638	0.90214	0.024065471598096192	
False_0.083_0.01_100_100	5.069168855811209	42.39145600000003	0.71614	0.90172	0.024049582419916987	
False_0.083_0.02_100_100	4.658108101357668	41.535308199999974	0.7163	0.90176	0.0240452792038396	
False_0.083_0.03_100_100	4.392782082290203	41.091565000000024	0.7165	0.902	0.024044522739313543	
False_0.083_0.04_100_100	4.291186535622627	40.81574760000005	0.71618	0.902	0.0240540179406479	
False_0.083_0.05_100_100	4.170652267623097	40.60275419999996	0.71664	0.902	0.024060862911231815	
False_0.083_0.06_100_100	4.108797729779035	40.44057740000001	0.71652	0.90198	0.0240611813082546	
False_0.083_0.07_100_100	4.041885154906661	40.30742600000005	0.71614	0.9023	0.024066314675584434	
False_0.083_0.08_100_100	3.98848812508896	40.191370400000025	0.71632	0.90216	0.024066497518382968	
False_0.083_0.09_100_100	3.9374767340819536	40.062971800000064	0.71616	0.90194	0.024067052639797328	
False_0.083_0.1_100_100	3.924800429069847	39.99427319999999	0.71638	0.90216	0.02406776688836515	
False_0.085_0.01_100_100	5.051924223627597	42.34120280000001	0.71624	0.90196	0.02404598915401846	
False_0.085_0.02_100_100	4.640863468214422	41.49177660000001	0.71676	0.90176	0.024046718074269592	
False_0.085_0.03_100_100	4.3755374490000305	41.0511928	0.7163	0.90224	0.024046227672100066	
False_0.085_0.04_100_100	4.273941902635842	40.77726400000001	0.71606	0.90196	0.024054916279651225	
False_0.085_0.05_100_100	4.153407636010796	40.565766800000034	0.71656	0.90238	0.02405657848417759	
False_0.085_0.06_100_100	4.0915530980397765	40.4047122	0.716	0.90234	0.024055853117145597	
False_0.085_0.07_100_100	4.024640522922426	40.272478599999964	0.71652	0.90232	0.02406336211401969	
False_0.085_0.08_100_100	3.9712434930492937	40.15724239999999	0.7168	0.9022	0.024066488957777618	
False_0.085_0.09_100_100	3.9202321019537747	40.02984860000002	0.71564	0.9017	0.02406602215755731	
False_0.085_0.1_100_100	3.9075557967700063	39.96159759999995	0.71634	0.90216	0.02406655309576541	
False_0.087_0.01_100_100	5.0393143905372915	42.3128002	0.7164	0.90174	0.02405342646677047	
False_0.087_0.02_100_100	4.628253634029776	41.46706280000004	0.71604	0.9018	0.02405270299311727	
False_0.087_0.03_100_100	4.36292761729613	41.02831160000001	0.7163	0.90194	0.02405315858203918	
False_0.087_0.04_100_100	4.261332070186883	40.755403799999954	0.7163	0.90172	0.024063412693999708	
False_0.087_0.05_100_100	4.14079780194357	40.54479459999999	0.71612	0.90208	0.024063111819140615	
False_0.087_0.06_100_100	4.078943263949901	40.3843666	0.71612	0.9021	0.024063988961689174	
False_0.087_0.07_100_100	4.012030689602644	40.25268740000002	0.7165	0.90206	0.024068878466002645	
False_0.087_0.08_100_100	3.95863366041854	40.13793579999998	0.7164	0.90174	0.02407251907788217	
False_0.087_0.09_100_100	3.907622268818766	40.01101620000003	0.71588	0.90192	0.024072347261719404	
False_0.087_0.1_100_100	3.8949459619261324	39.94304279999997	0.71624	0.90192	0.02407266026765108	
False_0.089_0.01_100_100	5.021968837798386	42.27924099999998	0.71598	0.90194	0.024054289601147173	
False_0.089_0.02_100_100	4.610908083253652	41.43836599999998	0.71612	0.90188	0.024052942958436907	
False_0.089_0.03_100_100	4.345582063946873	41.001865599999924	0.71624	0.9021	0.02405440617762506	
False_0.089_0.04_100_100	4.243986518691927	40.730269799999945	0.7164	0.90184	0.024065852668620647	
False_0.089_0.05_100_100	4.123452250791043	40.52064260000003	0.71612	0.90192	0.02406758764587343	
False_0.089_0.06_100_100	4.061597712376565	40.36096620000001	0.71594	0.90242	0.024063632409535348	
False_0.089_0.07_100_100	3.994685137743801	40.22986199999999	0.71612	0.90226	0.024072818974368273	
False_0.089_0.08_100_100	3.941288107442707	40.115625000000016	0.71596	0.90198	0.02407723757494241	
False_0.089_0.09_100_100	3.8902767162503302	39.989392999999964	0.716	0.90192	0.02407329860109836	
False_0.089_0.1_100_100	3.8776004117174447	39.921639400000046	0.71612	0.9023	0.0240769347557798	
False_0.091_0.01_100_100	5.009025385563224	42.24805179999994	0.71608	0.902	0.024056657860018312	
False_0.091_0.02_100_100	4.597964631647915	41.4114432	0.71604	0.90188	0.024058294342532753	
False_0.091_0.03_100_100	4.3326386137296256	40.976888200000005	0.7161	0.90208	0.024057794728316366	
False_0.091_0.04_100_100	4.231043067473919	40.70644119999993	0.71628	0.90208	0.024070349778719247	
False_0.091_0.05_100_100	4.11050879944399	40.49768520000001	0.716	0.90212	0.02406966715399176	
False_0.091_0.06_100_100	4.048654261105805	40.33870159999997	0.71584	0.90226	0.02406896787699312	
False_0.091_0.07_100_100	3.981741687309891	40.20816079999996	0.71566	0.90236	0.024075324014909565	
False_0.091_0.08_100_100	3.9283446564628184	40.094449000000026	0.71574	0.90212	0.024081361739747228	
False_0.091_0.09_100_100	3.8773332656498254	39.96875279999999	0.71576	0.90178	0.024081242126636208	
False_0.091_0.1_100_100	3.864656960196048	39.90130120000003	0.71616	0.90202	0.02408198116544634	
False_0.093_0.01_100_100	4.990614355472773	42.211182600000036	0.716	0.90182	0.024059757814593612	
False_0.093_0.02_100_100	4.579553600635975	41.37982259999999	0.71608	0.90166	0.024063156027309598	
False_0.093_0.03_100_100	4.314227581588179	40.947693000000015	0.71622	0.90226	0.02406439122390002	
False_0.093_0.04_100_100	4.21263203731671	40.678631800000026	0.71606	0.90186	0.02407333585731685	
False_0.093_0.05_100_100	4.092097768151313	40.47101679999998	0.71578	0.9019	0.024076267188228667	
False_0.093_0.06_100_100	4.030243229922205	40.31279180000002	0.71594	0.90186	0.024077724489308894	
False_0.093_0.07_100_100	3.963330655980259	40.18293820000003	0.71542	0.9023	0.024081219391562044	
False_0.093_0.08_100_100	3.9099336250032484	40.06977140000001	0.71572	0.9019	0.02408497053798288	
False_0.093_0.09_100_100	3.858922235421687	39.94472499999994	0.71582	0.90188	0.024086074081398547	
False_0.093_0.1_100_100	3.8462459275509415	39.8776162	0.71572	0.90194	0.02408461413100362	
False_0.095_0.01_100_100	4.980410109605044	42.18622179999997	0.71612	0.90194	0.024062835048958658	
False_0.095_0.02_100_100	4.569349356036037	41.35804480000003	0.71644	0.90184	0.024063875426463783	
False_0.095_0.03_100_100	4.304023338106424	40.927427400000084	0.71652	0.90198	0.024067365739904343	
False_0.095_0.04_100_100	4.202427790354044	40.659263400000015	0.71634	0.90216	0.02407466109663248	
False_0.095_0.05_100_100	4.0818935237596925	40.452366999999974	0.71592	0.90212	0.02407335351590067	
False_0.095_0.06_100_100	4.020038985296339	40.29468640000003	0.71584	0.90184	0.02407682542603463	
False_0.095_0.07_100_100	3.953126409832686	40.16531079999999	0.71566	0.90198	0.024084394195079805	
False_0.095_0.08_100_100	3.89972937976107	40.05252479999999	0.71592	0.90216	0.024086466723904014	
False_0.095_0.09_100_100	3.848717988769859	39.92796440000006	0.71612	0.90204	0.024087249998301266	
False_0.095_0.1_100_100	3.8360416822330654	39.861062799999985	0.7164	0.90202	0.02408478142838925	
False_0.097_0.01_100_100	4.964472224972397	42.154239600000025	0.71592	0.90162	0.024066564110852777	
False_0.097_0.02_100_100	4.553411469999701	41.33031419999997	0.71646	0.90202	0.024064246637783945	
False_0.097_0.03_100_100	4.288085450405926	40.90174739999999	0.71656	0.90204	0.024066863194741307	
False_0.097_0.04_100_100	4.186489902770966	40.634777799999945	0.71606	0.90174	0.02407508020013571	
False_0.097_0.05_100_100	4.065955636956841	40.4288236	0.71574	0.90204	0.02407863759804517	
False_0.097_0.06_100_100	4.004101097046882	40.27183079999999	0.71576	0.90196	0.024081678803004325	
False_0.097_0.07_100_100	3.9371885224761067	40.14303580000002	0.71588	0.90198	0.024086806231178343	
False_0.097_0.08_100_100	3.883791494113952	40.03074659999999	0.71604	0.9024	0.024088646949492396	
False_0.097_0.09_100_100	3.832780101401955	39.906750200000026	0.71594	0.90218	0.024087414629720152	
False_0.097_0.1_100_100	3.820103795468956	39.84016539999998	0.71608	0.9019	0.024087741104997694	
False_0.099_0.01_100_100	4.942488181658238	42.111404199999974	0.71654	0.90166	0.02407571978341788	
False_0.099_0.02_100_100	4.531427426892966	41.29344459999998	0.71646	0.9022	0.024074865325726568	
False_0.099_0.03_100_100	4.266101407785267	40.86756940000002	0.7166	0.90216	0.024070814809575677	
False_0.099_0.04_100_100	4.164505862861723	40.60224980000002	0.7163	0.90184	0.024081859684176744	
False_0.099_0.05_100_100	4.043971594581157	40.39755059999999	0.71618	0.90226	0.024082998595498502	
False_0.099_0.06_100_100	3.982117056058794	40.24148919999997	0.71642	0.90224	0.024085602087788285	
False_0.099_0.07_100_100	3.915204480834156	40.113445199999994	0.71622	0.90218	0.02409289098586887	
False_0.099_0.08_100_100	3.8618074516387284	40.00182999999993	0.71654	0.90226	0.024094037237428128	
False_0.099_0.09_100_100	3.810796060299426	39.8786414	0.7163	0.90184	0.024092265393808484	
False_0.099_0.1_100_100	3.7981197546367347	39.81236599999999	0.71658	0.90198	0.024093906722329556	
