False_98_98	6.825755725644678	46.693565799999966	0.69694	0.89054	0.009771845944523811	
False_97_97	5.888668731751144	44.40042499999996	0.69566	0.89028	0.009782100493311883	
False_96_96	5.180611737306565	42.86952299999998	0.69574	0.88992	0.00979224864423275	
False_95_95	4.541826673298627	41.628886400000006	0.69632	0.88938	0.009803941538333893	
False_94_94	4.136219156450182	40.74944460000001	0.69636	0.88942	0.00981663829267025	
False_93_93	3.7767261504228413	39.985163199999974	0.69544	0.8893	0.009828444833159446	
False_92_92	3.4917082783080637	39.34927280000001	0.6947	0.88904	0.009845496880412101	
False_91_91	3.317026441850662	38.829997600000006	0.69376	0.88818	0.009871850894093514	
False_90_90	3.1358978553797305	38.36771040000003	0.69344	0.88762	0.009888495888113975	
False_89_89	2.947076671825051	37.91966720000001	0.69368	0.8872	0.009909080255627633	
False_88_88	2.837622612543702	37.56814719999998	0.69328	0.8872	0.009919971433281898	
False_87_87	2.6875521009372174	37.2021328	0.69182	0.88676	0.009948518058061599	
False_86_86	2.590595278815329	36.90866800000001	0.69096	0.88648	0.009966161659359932	
False_85_85	2.484280455445051	36.61252539999999	0.691	0.88594	0.009996282513737678	
False_84_84	2.3923241845937073	36.34628839999998	0.69002	0.88538	0.010025697662234306	
False_83_83	2.3166971843640507	36.1105634	0.6907	0.88538	0.010045234723687173	
False_82_82	2.2323086281473934	35.880903399999994	0.68912	0.88484	0.010067758243083954	
False_81_81	2.1625850264552238	35.67837060000001	0.6881	0.88406	0.010084444858431817	
False_80_80	2.0914255510187147	35.45752780000002	0.68822	0.88376	0.010116836099624634	
False_79_79	2.0220298187080026	35.2530636	0.68714	0.88286	0.010140771874785423	
False_78_78	1.9831065935999155	35.09857179999999	0.6865	0.88268	0.010170742505788803	
False_77_77	1.925266900331825	34.94198619999997	0.685	0.88228	0.010200183134675026	
False_76_76	1.8591329059642554	34.74816760000002	0.68522	0.88162	0.01023180471599102	
False_75_75	1.8108964177373053	34.57992499999995	0.6838	0.88118	0.010267861568927766	
False_74_74	1.7959413704693317	34.49666679999999	0.683	0.88102	0.01028549159348011	
False_73_73	1.7398579284489155	34.32438339999998	0.68164	0.88016	0.010327920466065408	
False_72_72	1.6967831168963015	34.201133599999984	0.6814	0.88006	0.010353354918956757	
False_71_71	1.6714884760729969	34.09261199999997	0.6796	0.8802	0.010382302410006523	
False_70_70	1.631522315032035	33.958706599999985	0.6793	0.87904	0.010411413859724999	
