False_0.005_0.005_100_100	9.771131498948634	53.107044199999926	0.71816	0.90302	0.022961628148884045	
False_0.5_0.5_100_100	5.317623919108957	44.565486999999976	0.71782	0.90208	0.023046783979227766	
False_0.5_0.5_100_100	5.307256612732261	44.536689800000026	0.71774	0.90208	0.02304783404264832	




False_0.5_0.5_100_100	5.293144106966108	44.49342879999998	0.71758	0.90218	0.02304718333653407	

---------------
Normal 
False_0.5_0.5_100_100	5.317623919108957	44.565486999999976	0.71782	0.90208	0.023046783979227766	
False_0.5_0.5_100_100	5.317623919108957	44.565486999999976	0.71782	0.90208	0.023046783979227766	

Fast Quantization

False_0.5_0.5_100_100	5.293144106966108	44.49342879999998	0.71758	0.90218	0.02304718333653407	
