False_100_100	0.0	0.0	0.7187	0.9031	0.11474017623366103	
False_98_98	6.280954368974864	44.07748140000002	0.71616	0.90138	0.023178646455267446	
False_97_97	5.26699801009953	42.587385	0.71608	0.9022	0.023078930128286594	
False_96_96	4.585274551990926	41.307718200000004	0.71532	0.90188	0.023135744361623654	
False_95_95	3.976141448326111	40.26644179999998	0.71466	0.90202	0.023178345191983973	
False_94_94	3.624189027812183	39.57425479999998	0.71444	0.90136	0.02324723052490037	
False_93_93	3.320679964159727	38.94513760000002	0.7143	0.90092	0.023353772225722207	
False_92_92	3.0906578427892923	38.43498379999997	0.71298	0.89994	0.023463453500117176	
False_91_91	2.914767428709865	38.017601200000016	0.71032	0.89972	0.023583758094883524	
False_90_90	2.744182928728461	37.60260800000004	0.7094	0.89876	0.02370280812203884	
False_89_89	2.5893094648078083	37.21017280000003	0.7078	0.89822	0.02383837282382883	
False_88_88	2.487337616058588	36.916898200000006	0.70662	0.89642	0.023968908531907945	
False_87_87	2.366067949145734	36.58068280000002	0.70456	0.89588	0.02411023544948548	
False_86_86	2.2701818652302026	36.312498399999996	0.70342	0.89502	0.02423466221736744	
False_85_85	2.1919126443523167	36.05278839999991	0.70148	0.89378	0.024391410391032695	
False_84_84	2.1001085913550854	35.7899888	0.69954	0.89364	0.024517377631608397	
False_83_83	2.0350678717920183	35.57605319999998	0.69856	0.89318	0.024648342139436865	
False_82_82	1.9719581683716179	35.3679352	0.69622	0.89138	0.024802820491539316	
False_81_81	1.911620763116479	35.17134460000003	0.69474	0.8903	0.024934746385104956	
False_80_80	1.8529831272497772	34.95505419999999	0.6934	0.88958	0.02508244239226915	
False_79_79	1.790648136317432	34.75274599999997	0.69158	0.88848	0.02522676172180101	
False_78_78	1.753560204063356	34.609983599999964	0.68996	0.88764	0.025386739352555015	
False_77_77	1.7097556667527556	34.45413339999999	0.68826	0.88704	0.025511903000576423	
False_76_76	1.6583539924809336	34.26490299999997	0.68738	0.88522	0.02567109004798345	
False_75_75	1.61338964304775	34.09423480000001	0.68588	0.8843	0.02579299852034077	
False_74_74	1.5938908730769157	34.0157764	0.68424	0.88338	0.025875814824765548	
False_73_73	1.5498578940691055	33.844724800000016	0.68316	0.8827	0.026065617081932724	
False_72_72	1.5175855747842788	33.72614619999999	0.6822	0.88154	0.026188169516776688	
False_71_71	1.4933172122828662	33.62014480000001	0.68	0.88032	0.026304059948958458	
False_70_70	1.457134195973128	33.488309599999994	0.67932	0.87976	0.026399869955806062	
