False_0.005_0.011_100_100	8.352346666109264	48.47570160000002	0.73468	0.9151	0.021561180899358004	
False_0.005_0.021_100_100	7.942566955942214	46.95619880000002	0.73426	0.91502	0.021563570266853786	
False_0.005_0.031_100_100	7.663181072956622	46.063222600000024	0.7343	0.91486	0.02156438131920411	
False_0.005_0.041_100_100	7.535597602240145	45.51397780000004	0.73464	0.9147	0.021565624062875287	
False_0.005_0.051_100_100	7.361848096207678	45.073307000000064	0.73454	0.91484	0.02156182502642041	
False_0.005_0.061_100_100	7.232126421017945	44.7487064	0.7347	0.91478	0.02156276325096609	
False_0.005_0.071_100_100	7.1488174971726535	44.48228299999996	0.7343	0.9149	0.021560493899810827	
False_0.005_0.081_100_100	7.010679310352504	44.232552399999996	0.73438	0.91476	0.02156211353464227	
False_0.005_0.091_100_100	6.974979564363658	44.061190800000055	0.73408	0.91478	0.021562789784552297	
False_0.006_0.011_100_100	8.35229646209091	48.47549959999999	0.73468	0.9151	0.021561163455760687	
False_0.006_0.021_100_100	7.942445546088517	46.95601760000001	0.73426	0.91502	0.02156355061401031	
False_0.006_0.031_100_100	7.6631530189207195	46.063046800000016	0.73432	0.91486	0.021564276367643614	
False_0.006_0.041_100_100	7.535490830800831	45.51380840000005	0.73464	0.9147	0.021565572612443937	
False_0.006_0.051_100_100	7.361792031827271	45.07314040000008	0.73454	0.91484	0.02156179637402063	
False_0.006_0.061_100_100	7.232142801539004	44.74855020000001	0.7347	0.91478	0.02156277497996809	
False_0.006_0.071_100_100	7.148813513671458	44.48213079999999	0.7343	0.91492	0.021560445799756564	
False_0.006_0.081_100_100	7.010716732564867	44.232406000000005	0.73438	0.91474	0.021562105548364924	
False_0.006_0.091_100_100	6.974813149262369	44.061044400000085	0.73408	0.91476	0.021562794667513808	
False_0.007_0.011_100_100	8.35225254298821	48.47521780000006	0.73466	0.9151	0.02156125447577855	
False_0.007_0.021_100_100	7.94229690255478	46.95577000000001	0.73426	0.91502	0.021563680201958632	
False_0.007_0.031_100_100	7.663031644075662	46.06280880000002	0.73432	0.91486	0.021564241419950267	
False_0.007_0.041_100_100	7.535361749122888	45.51357940000006	0.73464	0.9147	0.021565503483721986	
False_0.007_0.051_100_100	7.361583646887094	45.07291940000007	0.73456	0.91484	0.021561913508919534	
False_0.007_0.061_100_100	7.232062485961467	44.748334000000014	0.7347	0.91478	0.021562883292831247	
False_0.007_0.071_100_100	7.148576578377038	44.48191919999999	0.73432	0.91492	0.02156049118213705	
False_0.007_0.081_100_100	7.010667898603827	44.23220400000001	0.73438	0.91474	0.021562105517519522	
False_0.007_0.091_100_100	6.974731264342219	44.06084180000011	0.73408	0.91476	0.02156288030091091	
False_0.008_0.011_100_100	8.352076082316787	48.47492040000007	0.73466	0.9151	0.02156135601005575	
False_0.008_0.021_100_100	7.94236194271639	46.95550740000001	0.73428	0.91502	0.021563744960542537	
False_0.008_0.031_100_100	7.663015691729337	46.06256039999999	0.73434	0.91486	0.021564253521305508	
False_0.008_0.041_100_100	7.535180470979959	45.51334280000004	0.73462	0.91472	0.021565575816837372	
False_0.008_0.051_100_100	7.361547916467935	45.072692400000086	0.73456	0.91484	0.021561932905638823	
False_0.008_0.061_100_100	7.231904303504973	44.748118800000015	0.73468	0.91478	0.02156289421366877	
False_0.008_0.071_100_100	7.148454487021715	44.4817122	0.73432	0.91492	0.021560486226383364	
False_0.008_0.081_100_100	7.010434258185774	44.232001000000025	0.7344	0.91474	0.021562034822536515	
False_0.008_0.091_100_100	6.974633504845053	44.060638200000085	0.7341	0.91478	0.021562749084116657	
False_0.009_0.011_100_100	8.352012646733076	48.47447700000003	0.7347	0.9151	0.021561432313239783	
False_0.009_0.021_100_100	7.942021963283569	46.955114000000044	0.73426	0.91502	0.021563741286661244	
False_0.009_0.031_100_100	7.662810045909435	46.0621852	0.73434	0.91486	0.021564337321114728	
False_0.009_0.041_100_100	7.535086892932206	45.512985000000036	0.7346	0.91472	0.021565658352953616	
False_0.009_0.051_100_100	7.361425107875616	45.0723528000001	0.73456	0.91484	0.021561790293405065	
False_0.009_0.061_100_100	7.231701427447349	44.7477872	0.73468	0.91478	0.021562907289512222	
False_0.009_0.071_100_100	7.148333458755761	44.481394999999985	0.73432	0.9149	0.021560300356525695	
False_0.009_0.081_100_100	7.010262155162245	44.23168399999997	0.7344	0.91474	0.02156199248453777	
False_0.009_0.091_100_100	6.974406498897225	44.06032940000008	0.73412	0.91478	0.02156270013792673	
False_0.01_0.011_100_100	8.351775009638816	48.47392580000003	0.73472	0.91512	0.02156144561498484	
False_0.01_0.021_100_100	7.941903052778989	46.95461860000005	0.73428	0.915	0.02156373896304867	
False_0.01_0.031_100_100	7.662580488899499	46.06171780000002	0.73432	0.91486	0.021564355043736286	
False_0.01_0.041_100_100	7.53487762259081	45.51253380000004	0.7346	0.9147	0.0215655417196278	
False_0.01_0.051_100_100	7.3611349807973205	45.07191580000005	0.73458	0.9148	0.021561838418940316	
False_0.01_0.061_100_100	7.231561607080251	44.747363599999986	0.73468	0.91478	0.021562980175412957	
False_0.01_0.071_100_100	7.148268281765729	44.480973199999994	0.73432	0.9149	0.02156031608924619	
False_0.01_0.081_100_100	7.010084440137297	44.231278199999984	0.7344	0.91472	0.021562075073180604	
False_0.01_0.091_100_100	6.974291336634308	44.05993540000006	0.73412	0.91478	0.02156278012259165	
False_0.005_0.005_100_100	8.989499312448203	50.519305200000026	0.73374	0.91504	0.02156176877457183	
False_0.006_0.006_100_100	8.853128289936484	50.05553680000007	0.73412	0.91482	0.021562961584628792	
False_0.007_0.007_100_100	8.720996167019754	49.66454880000002	0.7342	0.91496	0.02156675181375118	
False_0.008_0.008_100_100	8.603424916840941	49.32351659999998	0.73456	0.9151	0.021561632459730026	
False_0.009_0.009_100_100	8.50996526576951	48.958139400000015	0.7343	0.91494	0.02156227759560803	
False_0.01_0.01_100_100	8.435579802939445	48.71641139999996	0.73418	0.91504	0.021563912834057702	
False_0.011_0.011_100_100	8.35160089056924	48.473344800000035	0.73472	0.9151	0.02156119390054664	
False_0.021_0.021_100_100	7.924512001391202	46.934361599999974	0.73404	0.91492	0.021563066893693177	
False_0.031_0.031_100_100	7.628871825219243	46.02223079999996	0.73418	0.91474	0.021562747563631857	
False_0.041_0.041_100_100	7.492679055959433	45.4548932	0.73432	0.91474	0.021564982115769526	
False_0.051_0.051_100_100	7.314809194565564	45.00589659999999	0.7346	0.91506	0.02155938359797874	
False_0.061_0.061_100_100	7.155239723005741	44.642878000000046	0.73472	0.91484	0.021560381099698715	
False_0.071_0.071_100_100	7.054440575229377	44.35292819999999	0.73438	0.91474	0.021561526264871355	
False_0.081_0.081_100_100	6.903094833376259	44.09125420000001	0.7344	0.91496	0.021565824648653507	
False_0.091_0.091_100_100	6.864222475742548	43.912528399999964	0.73398	0.915	0.02156646616883576	
False_0.2_0.2_100_100	6.241232093234509	42.57852099999998	0.73368	0.91484	0.02157074038473831	
False_0.3_0.3_100_100	5.257100944100469	41.791631200000026	0.73374	0.91452	0.021575358676888864	
False_0.4_0.4_100_100	4.947979602747113	41.374990600000025	0.73376	0.91444	0.021573867333027883	
False_0.5_0.5_100_100	4.6983736621417105	40.9969056	0.73346	0.9143	0.02157892980361881	
False_0.6_0.6_100_100	4.436836167514473	40.65073219999997	0.73356	0.91412	0.021599566783898627	
False_0.7_0.7_100_100	4.198132021761686	40.36593880000002	0.73352	0.91384	0.021609010745660635	
False_0.8_0.8_100_100	4.069283047032803	40.14767960000007	0.7332	0.91378	0.021623270795190764	
False_0.9_0.9_100_100	3.9433758981834353	39.93890119999998	0.73342	0.9136	0.021640202959573945	
False_1.0_1.0_100_100	3.8157242248533665	39.71253199999998	0.73308	0.91376	0.02164446501830884	
